S 1 15963 122616 271 -90658 2.504710
S 2 125097 3906 3851 -123416 2.454418
S 3 -20675 22954 120962 19439 2.112230
S 4 940 -68115 88234 610 1.989094
S 5 52883 -128102 125370 76174 2.762154
S 6 90246 128730 24860 -93947 1.107958
S 7 107234 1921 -9559 -47681 1.593074
S 8 124374 123222 -127339 -20070 1.682083
S 9 128966 49739 -15950 79332 0.056218
S 10 24643 -114302 72415 21022 0.841932
S 11 119177 103122 -17081 102015 2.210741
S 12 62509 43 -56578 -57820 0.691548
S 13 128820 1059 71389 -67329 0.337271
S 14 123313 120607 23045 -78230 0.135300
S 15 71 83647 -128712 -63631 2.514855
L 16 0.511111 0.488889 0.000000 0.000000 0.000000 0.000000 
S 17 36651 -91082 66493 3829 2.359644
L 18 0.181818 0.113636 0.090909 0.613636 0.000000 0.000000 
S 19 63035 50152 79526 249 0.291495
L 20 0.000596 0.973794 0.000596 0.013699 0.001191 0.010125 
L 21 0.001201 0.889823 0.011408 0.086160 0.002101 0.009307 
L 22 0.000000 0.461538 0.000000 0.000000 0.076923 0.461538 
S 23 39184 58213 5760 16533 0.903296
L 24 0.000000 0.565217 0.000000 0.217391 0.043478 0.173913 
S 25 121875 97793 96508 108092 0.398997
L 26 0.000000 0.125000 0.000000 0.875000 0.000000 0.000000 
L 27 0.000000 0.466667 0.044444 0.466667 0.022222 0.000000 
L 28 0.000000 0.000000 0.000000 0.000000 0.000000 1.000000 
S 29 90214 3615 37791 58040 2.197109
S 30 24203 91829 4711 45552 0.604092
S 31 44782 50031 4724 73057 2.400789
S 32 11864 128800 -5058 -128644 0.586785
S 33 12251 100356 1694 89423 0.259829
L 34 0.000000 1.000000 0.000000 0.000000 0.000000 0.000000 
L 35 0.007353 0.911765 0.014706 0.007353 0.000000 0.058824 
L 36 0.000000 0.555556 0.000000 0.111111 0.333333 0.000000 
L 37 0.000000 0.690265 0.000000 0.000000 0.000000 0.309735 
L 38 0.000000 1.000000 0.000000 0.000000 0.000000 0.000000 
S 39 94854 126220 1578 98347 0.933408
L 40 0.000000 1.000000 0.000000 0.000000 0.000000 0.000000 
L 41 0.000000 0.355263 0.000000 0.000000 0.013158 0.631579 
L 42 0.000000 0.000000 0.000000 1.000000 0.000000 0.000000 
S 43 75519 54737 74035 83998 0.209327
L 44 0.000000 1.000000 0.000000 0.000000 0.000000 0.000000 
S 45 87493 51764 128374 -105595 2.485348
S 46 54177 67742 -99673 13510 2.221914
S 47 28323 87058 52204 31965 2.499750
L 48 0.000000 0.880000 0.000000 0.040000 0.000000 0.080000 
S 49 20685 114103 11348 93694 1.381422
L 50 0.000000 0.320755 0.000000 0.000000 0.000000 0.679245 
L 51 0.000000 0.769231 0.038462 0.000000 0.000000 0.192308 
L 52 0.000000 0.833333 0.000000 0.166667 0.000000 0.000000 
L 53 0.000000 0.020833 0.000000 0.000000 0.000000 0.979167 
S 54 77876 110808 116446 -83071 2.830457
S 55 84966 13705 -55811 -6295 1.211022
S 56 97465 127745 77454 -41309 2.642181
S 57 75812 15447 123520 60540 2.263471
L 58 0.000000 0.656250 0.000000 0.125000 0.031250 0.187500 
S 59 127334 93011 -46995 -118152 1.338574
L 60 0.000000 0.000000 0.000000 0.000000 0.000000 1.000000 
S 61 52196 9085 116306 60041 2.791332
L 62 0.000000 0.750000 0.000000 0.083333 0.083333 0.083333 
S 63 -32117 50749 58699 8277 2.239881
L 64 0.000000 0.000000 0.076923 0.923077 0.000000 0.000000 
L 65 0.000000 0.364780 0.012579 0.622642 0.000000 0.000000 
L 66 1.000000 0.000000 0.000000 0.000000 0.000000 0.000000 
S 67 97399 125249 17648 27150 0.782545
L 68 0.000000 1.000000 0.000000 0.000000 0.000000 0.000000 
L 69 0.000000 0.000000 0.000000 1.000000 0.000000 0.000000 
L 70 0.000000 0.000000 0.000000 0.000000 0.000000 1.000000 
S 71 81047 78257 3598 42419 2.382713
L 72 0.000000 1.000000 0.000000 0.000000 0.000000 0.000000 
S 73 -40867 -119520 118291 118343 1.742488
L 74 0.000000 0.225000 0.000000 0.000000 0.000000 0.775000 
L 75 0.000000 0.625000 0.000000 0.000000 0.000000 0.375000 
S 76 -110131 -73974 35398 108735 2.325596
S 77 -65691 99158 7405 127393 1.993509
L 78 0.000000 1.000000 0.000000 0.000000 0.000000 0.000000 
S 79 91486 41433 101962 -30141 2.375262
S 80 -94298 70120 115544 2002 2.295389
S 81 -38319 47215 6799 46014 0.850247
S 82 903 98704 87729 83988 1.943751
S 83 25504 32171 33008 60578 2.448622
S 84 86715 72326 126936 -78382 1.419017
S 85 14507 927 118946 19523 0.314595
L 86 0.000000 0.805556 0.000000 0.000000 0.027778 0.166667 
S 87 121903 9576 10332 7050 1.678171
L 88 0.000000 0.576271 0.016949 0.000000 0.000000 0.406780 
L 89 0.000000 0.142241 0.000000 0.000000 0.000000 0.857759 
L 90 0.000000 0.321429 0.000000 0.000000 0.000000 0.678571 
S 91 -61292 -128253 68448 92552 0.540055
L 92 0.000000 0.142857 0.142857 0.000000 0.428571 0.285714 
L 93 0.000000 0.830508 0.000000 0.000000 0.016949 0.152542 
L 94 0.000000 0.000000 0.000000 0.250000 0.000000 0.750000 
S 95 34030 33803 124550 11847 1.928322
L 96 0.000000 0.000000 0.000000 1.000000 0.000000 0.000000 
L 97 0.000000 1.000000 0.000000 0.000000 0.000000 0.000000 
L 98 0.000000 0.000000 0.000000 1.000000 0.000000 0.000000 
S 99 41312 -95335 97045 92997 0.774001
S 100 14058 124595 42181 85377 0.905013
S 101 -74119 -105010 13209 83638 0.300988
L 102 0.000000 0.000000 0.000000 0.916667 0.000000 0.083333 
S 103 -16841 110531 67069 22504 0.410339
L 104 0.000000 0.000000 0.000000 0.888889 0.000000 0.111111 
L 105 0.000000 0.000000 0.010417 0.031250 0.000000 0.958333 
L 106 0.000000 1.000000 0.000000 0.000000 0.000000 0.000000 
S 107 -55767 20473 28831 80505 2.420306
L 108 0.000000 0.006849 0.000000 0.000000 0.000000 0.993151 
L 109 0.000000 0.240000 0.000000 0.000000 0.000000 0.760000 
S 110 -60184 -120684 43152 127774 1.986373
S 111 37046 62385 -95843 81788 1.430849
S 112 30336 102508 64600 -111907 2.180937
S 113 20310 97639 26879 42285 2.386855
L 114 0.000000 0.871795 0.128205 0.000000 0.000000 0.000000 
S 115 7762 61880 66471 6356 0.947726
L 116 0.000000 0.142857 0.071429 0.000000 0.000000 0.785714 
S 117 82672 12920 5130 122123 2.810637
L 118 0.000000 0.181818 0.090909 0.000000 0.000000 0.727273 
S 119 -28345 -64636 83234 76810 1.122932
L 120 0.000000 0.976744 0.000000 0.000000 0.000000 0.023256 
L 121 0.000000 0.705882 0.000000 0.000000 0.000000 0.294118 
L 122 0.000000 0.785714 0.000000 0.000000 0.142857 0.071429 
S 123 34987 4878 58903 -79184 2.035354
L 124 0.000000 0.000000 1.000000 0.000000 0.000000 0.000000 
L 125 0.000000 1.000000 0.000000 0.000000 0.000000 0.000000 
S 126 1164 61044 -33369 2621 1.705323
S 127 43310 70335 6010 111733 1.433671
L 128 0.000000 0.000000 0.000000 0.000000 0.000000 1.000000 
S 129 111018 118649 11972 69023 0.632273
L 130 0.000000 0.925926 0.000000 0.000000 0.000000 0.074074 
L 131 0.000000 0.120000 0.000000 0.000000 0.000000 0.880000 
S 132 37445 30954 120441 32945 0.935337
S 133 11907 110569 106867 -9328 1.896040
L 134 0.000000 0.050000 0.050000 0.000000 0.000000 0.900000 
L 135 0.000000 0.842105 0.000000 0.000000 0.000000 0.157895 
L 136 0.000000 0.952381 0.000000 0.000000 0.000000 0.047619 
L 137 0.000000 0.516129 0.000000 0.000000 0.419355 0.064516 
S 138 -25057 96154 90992 128636 1.092993
S 139 3264 -94085 114272 74680 2.685696
S 140 -105716 -39250 89386 128577 1.533332
S 141 79558 90348 38757 88149 0.270555
S 142 50798 44416 100973 118874 1.716192
S 143 -26641 -85821 92808 25777 0.833051
S 144 107774 59496 40131 71875 1.014239
S 145 27460 1794 86754 66509 0.167297
L 146 0.000000 0.851852 0.000000 0.037037 0.000000 0.111111 
S 147 63257 109490 36926 29011 2.008541
L 148 0.000000 0.227273 0.000000 0.000000 0.000000 0.772727 
S 149 1303 44681 19633 75131 1.067185
L 150 0.000000 0.214286 0.071429 0.178571 0.035714 0.500000 
L 151 0.000000 0.288889 0.000000 0.688889 0.022222 0.000000 
L 152 0.000000 0.000000 0.000000 1.000000 0.000000 0.000000 
S 153 34820 66064 -65407 -31691 1.946370
L 154 0.000000 0.363636 0.000000 0.636364 0.000000 0.000000 
S 155 98218 65834 33770 70918 2.078182
L 156 0.000000 0.000000 0.000000 0.769231 0.000000 0.230769 
S 157 85131 -62922 46972 27152 0.099191
L 158 0.000000 0.000000 0.000000 0.012195 0.000000 0.987805 
L 159 0.000000 0.106195 0.008850 0.097345 0.017699 0.769912 
L 160 0.000000 0.764706 0.058824 0.000000 0.058824 0.117647 
S 161 -94184 -18938 90191 13939 0.617500
S 162 124544 115409 53840 127439 2.531615
S 163 4827 2856 45630 65069 2.300213
L 164 0.000000 1.000000 0.000000 0.000000 0.000000 0.000000 
S 165 100145 39896 -41143 96556 2.062333
L 166 0.000000 0.000000 0.000000 0.960000 0.000000 0.040000 
L 167 0.000000 0.322581 0.000000 0.645161 0.032258 0.000000 
L 168 0.000000 0.000000 0.000000 1.000000 0.000000 0.000000 
L 169 0.000000 0.045455 0.000000 0.590909 0.000000 0.363636 
S 170 14502 89706 -47084 -65814 0.677389
S 171 6086 36691 119299 32345 2.700694
S 172 -79634 -12063 106735 2454 0.994830
S 173 124422 104926 61471 78011 0.370352
S 174 79869 82448 68509 926 0.209105
S 175 23900 76552 -73499 66024 0.598007
L 176 0.000000 0.000000 0.000000 0.857143 0.000000 0.142857 
L 177 0.000000 0.083333 0.000000 0.027778 0.000000 0.888889 
L 178 0.000000 0.666667 0.333333 0.000000 0.000000 0.000000 
L 179 0.000000 0.000000 0.000000 0.000000 0.000000 1.000000 
L 180 0.000000 0.000000 0.000000 0.041667 0.000000 0.958333 
L 181 0.000000 0.000000 0.000000 0.000000 0.000000 1.000000 
S 182 -125771 -25686 29824 18199 0.967720
S 183 32615 -126744 31133 52526 2.518151
L 184 0.000000 0.888889 0.111111 0.000000 0.000000 0.000000 
L 185 0.000000 0.074074 0.925926 0.000000 0.000000 0.000000 
L 186 0.000000 0.800000 0.000000 0.000000 0.000000 0.200000 
L 187 0.000000 0.000000 0.000000 0.000000 0.000000 1.000000 
S 188 89271 52593 81751 -15078 2.641218
S 189 -114714 19286 11460 22184 1.816862
S 190 -59284 -69643 111721 40158 2.949099
S 191 14437 64345 81893 61711 1.571455
S 192 72488 20151 114305 85882 2.643600
S 193 80991 48422 23244 -63192 1.897065
S 194 41513 27299 -116450 111288 2.351447
S 195 26002 22375 11140 11113 1.489811
S 196 47715 7487 -44968 125681 2.804411
S 197 120081 54404 74638 27651 0.715191
L 198 0.000000 0.058824 0.000000 0.176471 0.000000 0.764706 
S 199 38157 79185 116002 78546 0.733977
L 200 0.000000 0.000000 0.000000 1.000000 0.000000 0.000000 
L 201 0.000000 0.000000 0.000000 0.723077 0.000000 0.276923 
S 202 103083 40241 -97598 -36016 2.812208
S 203 19900 50306 125950 89679 0.502752
L 204 0.000000 0.800000 0.066667 0.066667 0.000000 0.066667 
L 205 0.000000 0.220000 0.000000 0.580000 0.040000 0.160000 
L 206 0.000000 0.000000 0.040000 0.400000 0.280000 0.280000 
L 207 0.000000 0.000000 0.000000 0.914286 0.028571 0.057143 
S 208 -4098 -65501 54301 1780 2.672454
S 209 54118 108049 801 88089 2.652785
L 210 0.000000 0.000000 0.000000 0.875000 0.000000 0.125000 
L 211 0.000000 0.000000 0.000000 1.000000 0.000000 0.000000 
S 212 56587 -50098 42557 44230 1.658280
L 213 0.000000 0.000000 0.000000 0.400000 0.000000 0.600000 
L 214 0.000000 0.000000 0.000000 0.943662 0.000000 0.056338 
L 215 0.000000 0.000000 0.000000 0.200000 0.000000 0.800000 
S 216 6608 44530 100019 85595 0.763599
L 217 0.000000 0.000000 0.000000 1.000000 0.000000 0.000000 
L 218 0.000000 0.000000 0.000000 0.714286 0.000000 0.285714 
L 219 0.000000 0.022727 0.000000 0.977273 0.000000 0.000000 
S 220 6617 72833 98109 104704 1.849494
L 221 0.000000 0.000000 0.000000 1.000000 0.000000 0.000000 
S 222 54008 335 21859 80431 0.069770
S 223 20930 117641 122889 104171 0.376057
S 224 67834 98037 36743 76504 2.543581
S 225 109870 48208 73406 -60312 1.211234
S 226 20554 2631 -1029 67740 1.047220
L 227 0.000000 0.000000 0.000000 1.000000 0.000000 0.000000 
L 228 0.000000 0.000000 0.000000 0.561224 0.000000 0.438776 
L 229 0.000000 0.000000 0.000000 0.180952 0.000000 0.819048 
L 230 0.000000 0.000000 0.000000 0.428571 0.000000 0.571429 
S 231 125587 91575 114586 -93476 0.563866
L 232 0.000000 0.000000 0.000000 0.000000 0.000000 1.000000 
L 233 0.000000 0.000000 0.000000 1.000000 0.000000 0.000000 
S 234 105899 -105093 747 13927 0.128693
S 235 34925 -117241 8541 18151 1.565863
L 236 0.000000 0.000000 0.000000 0.000000 0.000000 1.000000 
L 237 0.000000 0.000000 0.000000 0.181818 0.000000 0.818182 
S 238 16538 1866 -20149 -3625 1.079757
L 239 0.000000 0.000000 0.000000 0.777778 0.000000 0.222222 
L 240 0.000000 0.000000 0.000000 0.368421 0.000000 0.631579 
L 241 0.000000 0.000000 0.000000 0.000000 0.000000 1.000000 
S 242 13963 84878 -84045 -80323 1.457762
S 243 106132 122554 34952 123405 1.302566
L 244 0.000000 0.047619 0.000000 0.000000 0.523810 0.428571 
S 245 33386 76957 24410 57767 0.081889
S 246 35767 -52004 53421 119008 0.463358
L 247 0.000000 0.023810 0.023810 0.000000 0.214286 0.738095 
L 248 0.000000 0.000000 0.000000 0.000000 0.142857 0.857143 
L 249 0.000000 0.000000 0.000000 0.000000 0.000000 1.000000 
S 250 6856 63493 56345 84169 1.737184
S 251 57734 1517 -21641 51113 1.224759
S 252 52046 57389 30719 -125757 2.584313
L 253 0.000000 0.034483 0.931035 0.034483 0.000000 0.000000 
S 254 2751 126215 -121472 90376 1.079827
S 255 108943 123593 29858 25358 0.090238
L 256 0.000000 0.000000 1.000000 0.000000 0.000000 0.000000 
L 257 0.000000 0.000000 0.000000 1.000000 0.000000 0.000000 
L 258 0.000000 0.000000 0.852941 0.147059 0.000000 0.000000 
S 259 -89760 94549 41946 9632 0.536945
L 260 0.000000 0.000000 0.245283 0.754717 0.000000 0.000000 
L 261 0.000000 0.000000 0.750000 0.250000 0.000000 0.000000 
S 262 113304 -119312 23219 120208 0.726037
L 263 0.000000 0.000000 0.666667 0.333333 0.000000 0.000000 
L 264 0.062500 0.000000 0.000000 0.187500 0.000000 0.750000 
L 265 0.000000 0.000000 0.000000 0.000000 0.000000 1.000000 
S 266 87026 62388 -104986 5173 1.728066
S 267 128293 96688 81693 -102449 1.183290
S 268 4538 55595 39490 93486 1.392220
S 269 50744 -114778 20706 82817 2.250551
S 270 -26136 17944 128498 26606 2.175625
S 271 123513 45437 -30641 4871 2.634665
S 272 -83620 50554 58532 127869 2.463185
S 273 61886 2726 -23420 -16522 1.573655
S 274 29566 -95298 125463 113591 1.937975
S 275 54061 87175 42624 -82648 1.536103
S 276 13554 35742 108363 22636 1.574398
S 277 121732 -8149 127898 124801 0.885249
S 278 103384 1514 67172 -84422 0.082614
S 279 6284 106700 -53604 1743 1.057024
S 280 112547 8829 52813 15763 2.624914
S 281 -97146 13988 44305 2442 1.731139
L 282 1.000000 0.000000 0.000000 0.000000 0.000000 0.000000 
L 283 0.040816 0.959184 0.000000 0.000000 0.000000 0.000000 
L 284 0.051724 0.948276 0.000000 0.000000 0.000000 0.000000 
L 285 0.502183 0.497817 0.000000 0.000000 0.000000 0.000000 
L 286 1.000000 0.000000 0.000000 0.000000 0.000000 0.000000 
S 287 125604 -93571 114447 92232 2.703941
L 288 0.777778 0.111111 0.000000 0.000000 0.111111 0.000000 
L 289 0.004839 0.977419 0.000000 0.001613 0.014516 0.001613 
L 290 0.000000 1.000000 0.000000 0.000000 0.000000 0.000000 
S 291 23651 14193 101895 26009 2.847826
L 292 0.000000 0.800000 0.000000 0.000000 0.200000 0.000000 
S 293 127842 110046 -38669 -18119 0.532113
L 294 0.500000 0.250000 0.000000 0.000000 0.250000 0.000000 
L 295 1.000000 0.000000 0.000000 0.000000 0.000000 0.000000 
L 296 0.200000 0.000000 0.000000 0.000000 0.600000 0.200000 
L 297 1.000000 0.000000 0.000000 0.000000 0.000000 0.000000 
S 298 -67659 61880 1814 29841 0.349251
L 299 0.000000 1.000000 0.000000 0.000000 0.000000 0.000000 
L 300 0.000000 1.000000 0.000000 0.000000 0.000000 0.000000 
S 301 45192 24953 162 -88025 1.090809
L 302 0.000000 0.025000 0.975000 0.000000 0.000000 0.000000 
S 303 3888 104226 113276 120097 0.396002
L 304 0.000000 0.000000 1.000000 0.000000 0.000000 0.000000 
S 305 -33910 57369 93123 29694 0.140184
L 306 0.000000 0.433333 0.566667 0.000000 0.000000 0.000000 
L 307 0.000000 0.931035 0.068966 0.000000 0.000000 0.000000 
S 308 -2467 32157 116938 80252 0.493728
S 309 48748 -7582 39962 57105 1.908523
S 310 110963 -64786 121409 114849 0.395637
S 311 13981 115109 126128 128521 1.435914
S 312 76588 114894 88256 69430 1.926573
S 313 128782 62994 -57629 93638 1.376915
L 314 0.000000 0.964286 0.035714 0.000000 0.000000 0.000000 
S 315 -44887 4193 887 35748 1.802441
S 316 19645 32417 -12292 30848 1.361196
S 317 29920 80130 25898 -1645 2.921403
L 318 1.000000 0.000000 0.000000 0.000000 0.000000 0.000000 
L 319 0.864198 0.135802 0.000000 0.000000 0.000000 0.000000 
L 320 1.000000 0.000000 0.000000 0.000000 0.000000 0.000000 
L 321 0.565217 0.434783 0.000000 0.000000 0.000000 0.000000 
L 322 0.885714 0.057143 0.000000 0.000000 0.057143 0.000000 
S 323 -121634 -95501 11891 26520 1.416322
L 324 0.769231 0.076923 0.000000 0.153846 0.000000 0.000000 
S 325 47691 102673 78471 431 1.567027
L 326 0.000000 0.000000 0.000000 0.000000 1.000000 0.000000 
L 327 0.028169 0.549296 0.232394 0.000000 0.190141 0.000000 
S 328 44844 41244 31307 64348 2.059255
S 329 120900 8422 77337 69650 1.472660
L 330 0.800000 0.000000 0.200000 0.000000 0.000000 0.000000 
L 331 1.000000 0.000000 0.000000 0.000000 0.000000 0.000000 
L 332 1.000000 0.000000 0.000000 0.000000 0.000000 0.000000 
L 333 0.625000 0.000000 0.050000 0.000000 0.325000 0.000000 
L 334 0.000000 1.000000 0.000000 0.000000 0.000000 0.000000 
S 335 127706 18782 -93123 104751 1.074660
L 336 0.000000 0.000000 1.000000 0.000000 0.000000 0.000000 
L 337 0.000000 0.150000 0.850000 0.000000 0.000000 0.000000 
S 338 46985 68735 -73460 -120775 0.047715
S 339 125322 77100 39619 106980 1.917156
S 340 64421 10835 -95571 53944 1.349736
S 341 -5159 -109152 60212 109834 1.696970
S 342 61554 85941 -30450 -123422 2.907377
S 343 -94641 -43889 46988 3782 0.552883
L 344 0.000000 0.000000 0.500000 0.000000 0.000000 0.500000 
S 345 24002 110437 101428 49304 2.493882
L 346 0.000000 0.800000 0.200000 0.000000 0.000000 0.000000 
S 347 111164 6878 5271 88669 1.907123
L 348 0.000000 0.833333 0.166667 0.000000 0.000000 0.000000 
L 349 0.000000 1.000000 0.000000 0.000000 0.000000 0.000000 
S 350 29380 10551 13296 14466 1.651161
S 351 123054 1048 -39348 -121447 0.427075
L 352 0.105263 0.078947 0.000000 0.000000 0.736842 0.078947 
S 353 29654 2565 109325 114696 1.497717
L 354 0.000000 0.000000 0.000000 0.000000 0.000000 1.000000 
S 355 117567 84422 6599 -12331 0.329761
L 356 0.123711 0.515464 0.010309 0.000000 0.195876 0.154639 
L 357 0.032143 0.789286 0.000000 0.007143 0.153571 0.017857 
S 358 99789 1258 40474 14810 0.625223
S 359 87304 63630 59732 55200 0.480553
S 360 63607 367 6043 2388 1.186644
S 361 10089 31803 110023 36446 2.477046
L 362 0.000000 0.527778 0.000000 0.000000 0.472222 0.000000 
L 363 0.000000 0.061728 0.000000 0.000000 0.858025 0.080247 
L 364 0.000000 0.862069 0.000000 0.000000 0.137931 0.000000 
L 365 0.000000 0.297872 0.000000 0.000000 0.638298 0.063830 
S 366 119859 75133 111895 -87850 1.025902
S 367 -58390 63779 1214 95024 2.575312
L 368 0.012821 0.429487 0.006410 0.012821 0.500000 0.038462 
L 369 0.000000 0.360000 0.000000 0.000000 0.040000 0.600000 
L 370 0.000000 0.000000 0.000000 0.000000 0.750000 0.250000 
L 371 0.000000 0.923077 0.000000 0.000000 0.076923 0.000000 
S 372 -13457 42332 1255 55742 1.687268
S 373 125160 52153 4392 -102879 2.155462
S 374 57869 35314 87026 73808 0.860203
S 375 -88544 -54838 4291 71099 2.053954
S 376 53868 70258 -16423 49642 2.999893
S 377 -18183 -2314 124975 68209 1.885852
S 378 13597 -95018 59810 51135 1.086622
S 379 4286 83224 65385 -57295 2.310165
L 380 0.061798 0.432584 0.005618 0.000000 0.432584 0.067416 
L 381 0.018634 0.236025 0.000000 0.000000 0.285714 0.459627 
L 382 0.000000 1.000000 0.000000 0.000000 0.000000 0.000000 
L 383 0.008696 0.095652 0.000000 0.002899 0.153623 0.739130 
S 384 -93870 -22404 2846 128510 0.589592
S 385 116135 61296 5140 89553 0.718419
L 386 0.764706 0.117647 0.000000 0.000000 0.117647 0.000000 
L 387 0.112000 0.560000 0.016000 0.000000 0.304000 0.008000 
L 388 0.013793 0.326437 0.011494 0.002299 0.574713 0.071264 
L 389 0.000000 0.500000 0.000000 0.000000 0.000000 0.500000 
S 390 113767 -71713 4106 61742 0.672802
S 391 81808 22515 48756 80004 2.175208
L 392 0.000000 0.952381 0.047619 0.000000 0.000000 0.000000 
S 393 62021 69859 45851 61623 1.364862
L 394 0.000000 0.179487 0.012821 0.000000 0.176282 0.631410 
L 395 0.021277 0.092199 0.000000 0.007092 0.042553 0.836879 
L 396 0.000000 0.678571 0.000000 0.000000 0.000000 0.321429 
L 397 0.000000 0.820000 0.100000 0.000000 0.080000 0.000000 
L 398 0.000000 0.875000 0.125000 0.000000 0.000000 0.000000 
L 399 0.000000 0.095238 0.880952 0.000000 0.023810 0.000000 
S 400 128938 38799 -103910 7919 0.856524
S 401 16507 -13150 17250 89013 2.389191
S 402 128426 41830 56679 -123167 0.837031
S 403 84320 33976 65551 -39140 0.658670
L 404 0.000000 0.593750 0.406250 0.000000 0.000000 0.000000 
S 405 119301 83446 10162 -52645 0.458684
S 406 98775 31161 93563 66975 0.578567
L 407 0.038462 0.769231 0.000000 0.000000 0.038462 0.153846 
L 408 0.000000 0.833333 0.166667 0.000000 0.000000 0.000000 
L 409 0.000000 1.000000 0.000000 0.000000 0.000000 0.000000 
L 410 0.000000 0.086957 0.913043 0.000000 0.000000 0.000000 
L 411 0.619048 0.238095 0.071429 0.000000 0.071429 0.000000 
S 412 110567 119450 1277 31742 2.520611
S 413 15313 -6119 3958 18690 1.851254
S 414 -58095 4659 72608 19825 1.407502
S 415 -61043 89889 126829 76099 1.466041
S 416 110853 28140 93014 -23175 0.174941
S 417 82395 45778 -60404 119269 2.612737
L 418 0.743590 0.000000 0.000000 0.000000 0.256410 0.000000 
S 419 60726 24885 112598 67874 1.037882
L 420 0.000000 0.333333 0.666667 0.000000 0.000000 0.000000 
L 421 0.000000 0.018182 0.381818 0.018182 0.581818 0.000000 
L 422 0.833333 0.000000 0.000000 0.000000 0.166667 0.000000 
S 423 56036 46110 -23027 72324 2.347630
L 424 0.010638 0.249240 0.054711 0.000000 0.680851 0.004559 
L 425 0.095495 0.345946 0.050450 0.003604 0.484685 0.019820 
S 426 -46572 -74414 127879 66777 1.436788
S 427 29827 65736 92923 39548 2.202183
S 428 -22226 50432 1104 7805 0.707086
S 429 21169 35512 98892 118756 0.942762
L 430 0.023810 0.071429 0.869048 0.000000 0.035714 0.000000 
L 431 1.000000 0.000000 0.000000 0.000000 0.000000 0.000000 
L 432 0.000000 0.000000 0.947368 0.000000 0.052632 0.000000 
L 433 0.050000 0.025000 0.175000 0.000000 0.750000 0.000000 
L 434 0.300000 0.075000 0.000000 0.000000 0.625000 0.000000 
L 435 1.000000 0.000000 0.000000 0.000000 0.000000 0.000000 
S 436 63017 35542 90550 110935 1.883256
S 437 100978 19638 48609 42366 2.633355
S 438 51183 15596 -43533 -23360 0.561546
S 439 5836 42823 -69469 -116551 0.218058
S 440 -34867 -91184 127497 20401 0.396811
S 441 -66713 -117571 126054 31135 2.897606
L 442 0.000000 0.117647 0.105882 0.000000 0.023529 0.752941 
L 443 0.023256 0.220930 0.023256 0.000000 0.418605 0.313953 
L 444 0.000000 0.057143 0.114286 0.000000 0.257143 0.571429 
L 445 0.027149 0.303167 0.049774 0.000000 0.533937 0.085973 
L 446 0.000000 0.350000 0.400000 0.000000 0.000000 0.250000 
S 447 52714 29216 -30801 54497 1.286724
L 448 0.000000 0.036364 0.000000 0.000000 0.236364 0.727273 
L 449 0.000000 0.017857 0.053571 0.000000 0.017857 0.910714 
S 450 120205 18654 -61227 -96975 1.120575
S 451 42995 19923 78715 32565 0.614967
L 452 0.000000 0.307692 0.538462 0.000000 0.153846 0.000000 
S 453 128468 14961 88996 -86315 0.920866
L 454 0.000000 0.000000 0.714286 0.000000 0.285714 0.000000 
L 455 0.709677 0.161290 0.032258 0.016129 0.080645 0.000000 
S 456 94811 63957 40164 27330 0.215873
S 457 -60044 831 80882 25068 0.098827
L 458 0.002353 0.237647 0.021176 0.000000 0.736471 0.002353 
L 459 0.040293 0.318681 0.062271 0.003663 0.564103 0.010989 
L 460 0.051125 0.267894 0.038855 0.006135 0.572597 0.063395 
L 461 0.533333 0.000000 0.033333 0.000000 0.400000 0.033333 
S 462 60949 99410 -19479 72507 2.051836
S 463 -51319 40103 7248 72312 2.969330
S 464 2579 84516 77831 9582 1.505715
S 465 -25527 79265 68922 32794 1.128365
L 466 0.000000 0.000000 0.869565 0.000000 0.043478 0.086957 
S 467 -20641 -119550 7190 114571 2.356296
S 468 124706 53233 97566 117129 1.345709
S 469 102781 19073 -70724 94210 1.993609
S 470 25253 8849 -11211 -78451 2.940630
S 471 -22849 -55494 74910 118648 1.443871
L 472 0.000000 0.250000 0.000000 0.022727 0.272727 0.454545 
L 473 0.000000 1.000000 0.000000 0.000000 0.000000 0.000000 
L 474 0.000000 0.000000 0.000000 0.000000 0.000000 1.000000 
L 475 0.000000 0.000000 0.000000 0.000000 0.651163 0.348837 
L 476 0.000000 0.000000 0.085106 0.000000 0.382979 0.531915 
S 477 -39978 14492 51098 108423 2.336323
S 478 67235 26763 9185 31344 1.404278
S 479 50024 21868 17154 22998 2.341482
L 480 0.684211 0.052632 0.000000 0.000000 0.263158 0.000000 
L 481 0.043478 0.043478 0.000000 0.021739 0.782609 0.108696 
S 482 29891 9927 78048 16679 0.599184
S 483 9071 110192 -30610 88148 2.496357
L 484 0.002564 0.000000 0.000000 0.000000 0.984615 0.012821 
L 485 0.000000 0.043478 0.000000 0.000000 0.826087 0.130435 
L 486 0.258065 0.000000 0.000000 0.000000 0.741935 0.000000 
L 487 0.000000 0.000000 0.000000 0.000000 0.951807 0.048193 
S 488 0 52495 -117602 -14325 0.531750
S 489 128542 79921 -18693 74488 1.889324
S 490 128753 42067 -43990 -100069 0.710514
S 491 274 55061 -49955 91855 2.638693
S 492 -121596 -98626 128813 69682 1.639328
L 493 0.050000 0.000000 0.050000 0.000000 0.900000 0.000000 
L 494 0.000000 0.000000 0.833333 0.000000 0.166667 0.000000 
L 495 0.000000 0.000000 1.000000 0.000000 0.000000 0.000000 
S 496 -3349 27782 90425 128546 0.908695
L 497 0.020408 0.000000 0.653061 0.000000 0.326531 0.000000 
S 498 8217 37129 64893 32210 1.613565
L 499 0.000000 0.000000 0.950000 0.000000 0.050000 0.000000 
L 500 0.000000 0.000000 0.250000 0.000000 0.250000 0.500000 
S 501 69870 -103851 802 8992 2.476208
L 502 0.000000 0.000000 0.666667 0.000000 0.333333 0.000000 
L 503 0.000000 0.000000 0.000000 0.000000 1.000000 0.000000 
S 504 30913 122083 -8423 -85779 1.556684
S 505 60631 -30996 60330 8266 0.851054
S 506 44398 104331 20887 13706 1.949453
L 507 0.000000 0.000000 0.275862 0.000000 0.724138 0.000000 
L 508 0.000000 0.000000 0.500000 0.000000 0.500000 0.000000 
L 509 0.000000 0.000000 1.000000 0.000000 0.000000 0.000000 
L 510 0.000000 0.000000 1.000000 0.000000 0.000000 0.000000 
L 511 0.000000 0.000000 0.000000 1.000000 0.000000 0.000000 
S 512 3028 9739 -30089 95122 0.348968
S 513 113653 -82120 31735 128715 2.992194
S 514 80047 109230 128795 104595 2.726283
S 515 21479 -763 59258 46929 2.778381
L 516 0.000000 0.000000 0.972222 0.027778 0.000000 0.000000 
L 517 0.000000 0.000000 0.040000 0.960000 0.000000 0.000000 
L 518 0.000000 0.000000 0.628571 0.000000 0.371429 0.000000 
S 519 3436 18330 117914 -95630 0.649288
L 520 0.000000 0.000000 0.333333 0.666667 0.000000 0.000000 
S 521 -105073 105209 17182 117184 1.886795
L 522 0.000000 0.000000 1.000000 0.000000 0.000000 0.000000 
L 523 0.000000 1.000000 0.000000 0.000000 0.000000 0.000000 
S 524 14031 1649 43076 -5355 1.654714
S 525 -67661 -108334 79140 2213 2.811558
S 526 82929 -82440 44447 50434 0.239826
S 527 967 20394 26210 101396 2.856508
S 528 14472 -66767 29543 19532 1.214567
S 529 127116 22783 51325 -117904 0.106786
S 530 72793 37131 -14480 -115306 0.102100
L 531 0.000000 0.000000 0.763158 0.000000 0.210526 0.026316 
S 532 8428 52166 98590 -43365 0.558816
S 533 2153 45645 76825 81107 1.131408
L 534 0.000000 0.000000 0.140625 0.000000 0.687500 0.171875 
L 535 0.000000 0.000000 0.000000 0.000000 0.044776 0.955224 
L 536 0.000000 0.000000 0.160976 0.000000 0.029268 0.809756 
L 537 0.000000 0.000000 0.594595 0.189189 0.000000 0.216216 
S 538 86273 20351 -125935 117296 0.949239
S 539 124478 2366 126339 45795 2.864045
L 540 0.030303 0.000000 0.484848 0.000000 0.484848 0.000000 
L 541 0.000000 0.000000 1.000000 0.000000 0.000000 0.000000 
S 542 450 13482 44303 -105413 0.843316
L 543 0.000000 0.000000 0.000000 0.000000 1.000000 0.000000 
L 544 0.000000 0.416667 0.125000 0.020833 0.312500 0.125000 
L 545 0.000000 0.000000 0.142857 0.000000 0.326531 0.530612 
S 546 -104701 -72432 2916 110109 2.523850
S 547 40228 2135 114443 123305 0.473142
S 548 2377 59734 -11738 88604 2.121896
S 549 -29316 23766 3018 44708 0.351148
S 550 -96444 -33927 91800 24305 1.393071
S 551 -30734 -56814 42926 79648 1.960369
L 552 0.000000 0.000000 0.075758 0.022727 0.272727 0.628788 
L 553 0.000000 0.000000 0.015385 0.000000 0.876923 0.107692 
L 554 0.000000 0.000000 0.153846 0.000000 0.830769 0.015385 
L 555 0.000000 0.000000 1.000000 0.000000 0.000000 0.000000 
L 556 0.000000 0.000000 0.950000 0.000000 0.050000 0.000000 
L 557 0.000000 0.000000 0.230769 0.000000 0.717949 0.051282 
S 558 -122371 22630 664 42785 2.870583
S 559 -30659 -81300 31388 4300 2.208543
L 560 0.000000 0.000000 0.133333 0.466667 0.200000 0.200000 
S 561 51356 10487 81 16511 1.893937
L 562 0.000000 0.000000 0.000000 1.000000 0.000000 0.000000 
L 563 0.000000 0.000000 0.682540 0.269841 0.031746 0.015873 
S 564 -3182 125847 22451 26734 0.932542
S 565 38508 852 -6494 -18464 1.088370
L 566 0.001754 0.007018 0.233333 0.110526 0.278947 0.368421 
L 567 0.000000 0.000000 0.190813 0.381625 0.077739 0.349823 
L 568 0.000000 0.001431 0.327611 0.114449 0.180258 0.376252 
L 569 0.000000 0.000000 0.396078 0.000000 0.352941 0.250980 
S 570 37700 120151 2963 4754 1.791823
S 571 46010 127697 75363 -86963 0.469770
S 572 56809 12324 -32935 64609 1.874785
L 573 0.000000 0.000000 0.000000 0.047619 0.000000 0.952381 
S 574 75688 2612 16708 -10124 2.046691
S 575 -123924 -87799 38039 10276 2.953442
L 576 0.000000 0.800000 0.000000 0.000000 0.200000 0.000000 
S 577 36047 51326 358 7953 0.071975
L 578 0.145833 0.000000 0.500000 0.000000 0.354167 0.000000 
L 579 0.071429 0.000000 0.000000 0.000000 0.928571 0.000000 
S 580 3143 5542 -70816 -68054 0.936861
S 581 103659 9909 16649 -74027 2.334850
L 582 0.000000 0.470588 0.019608 0.000000 0.333333 0.176471 
L 583 0.000000 0.222222 0.333333 0.000000 0.444444 0.000000 
L 584 0.000000 0.108434 0.265060 0.000000 0.590361 0.036145 
L 585 0.000000 0.015152 0.242424 0.030303 0.469697 0.242424 
S 586 2201 11682 48156 -7265 0.169682
S 587 5606 128627 -47675 10182 0.000938
S 588 5 14793 -120316 -92085 1.675187
L 589 0.000000 0.000000 0.000000 0.142857 0.000000 0.857143 
S 590 80482 20166 111128 128138 2.846819
L 591 0.000000 0.000000 0.200000 0.700000 0.000000 0.100000 
L 592 0.000000 0.000000 0.518519 0.111111 0.111111 0.259259 
L 593 0.000000 0.000000 0.000000 0.333333 0.666667 0.000000 
S 594 93815 2612 31167 105685 0.483492
L 595 0.392857 0.250000 0.142857 0.214286 0.000000 0.000000 
S 596 -3796 46908 2699 3559 0.414393
L 597 0.100000 0.500000 0.100000 0.000000 0.300000 0.000000 
L 598 0.103448 0.120690 0.353448 0.137931 0.129310 0.155172 
L 599 0.000000 0.066667 0.066667 0.066667 0.066667 0.733333 
