S 1 26543 120277 -68490 115716 0.842747
S 2 126571 -75974 128488 5241 1.953782
S 3 127420 18920 55431 -48410 2.578218
S 4 6725 -57020 102644 128627 0.095271
S 5 128242 82149 -13634 3724 1.246754
S 6 117059 -5193 2274 125620 2.375466
S 7 94260 -73351 113529 2069 0.359296
S 8 127056 119957 -92944 -84100 2.868705
S 9 26482 -55202 126816 44443 2.524730
S 10 123877 -126409 66753 25598 0.790040
S 11 -60243 110295 3270 124426 2.211862
S 12 7302 94154 -11709 -42544 0.175469
S 13 71073 5387 -90503 -78896 2.600558
L 14 0.166667 0.041667 0.041667 0.687500 0.020833 0.041667 
S 15 -107475 51518 123988 101021 0.917559
S 16 -95484 120952 81477 88104 2.385007
S 17 60768 -95945 126564 34 1.472513
S 18 127552 118212 114607 -121835 0.520578
S 19 -36967 30016 123203 69661 0.802352
L 20 0.000000 0.612245 0.000000 0.020408 0.040816 0.326531 
L 21 0.000208 0.907184 0.007890 0.071429 0.002907 0.010382 
L 22 0.000000 0.142857 0.000000 0.000000 0.571429 0.285714 
L 23 0.000000 0.406780 0.016949 0.542373 0.000000 0.033898 
L 24 0.000000 1.000000 0.000000 0.000000 0.000000 0.000000 
S 25 66814 31739 118519 54529 1.083017
L 26 0.000000 1.000000 0.000000 0.000000 0.000000 0.000000 
L 27 0.000000 0.700980 0.004902 0.000000 0.034314 0.259804 
S 28 -118635 10639 128105 113039 0.648129
S 29 -41851 -106876 85025 3199 1.424467
L 30 1.000000 0.000000 0.000000 0.000000 0.000000 0.000000 
S 31 1063 104494 -4852 -12860 2.760432
S 32 39445 7312 78423 69830 1.193387
S 33 125883 -106692 91545 100008 1.903298
L 34 0.000000 0.000000 0.000000 0.000000 0.000000 1.000000 
L 35 0.000000 1.000000 0.000000 0.000000 0.000000 0.000000 
L 36 0.000000 1.000000 0.000000 0.000000 0.000000 0.000000 
L 37 0.150943 0.849057 0.000000 0.000000 0.000000 0.000000 
L 38 0.000000 1.000000 0.000000 0.000000 0.000000 0.000000 
L 39 0.708333 0.229167 0.000000 0.041667 0.020833 0.000000 
L 40 0.000000 0.243243 0.000000 0.756757 0.000000 0.000000 
S 41 55334 79515 -55968 -40257 2.639657
L 42 0.000000 0.771429 0.000000 0.228571 0.000000 0.000000 
S 43 99861 39648 -98473 54210 2.456499
S 44 81967 24663 7861 96442 1.429361
S 45 40091 101703 3284 59711 1.100214
L 46 0.000000 0.404255 0.000000 0.000000 0.000000 0.595745 
L 47 0.000000 0.902439 0.000000 0.048780 0.000000 0.048780 
L 48 0.000000 1.000000 0.000000 0.000000 0.000000 0.000000 
S 49 28268 60892 1938 82311 1.986647
L 50 0.000000 0.000000 0.000000 0.250000 0.250000 0.500000 
L 51 0.000000 0.016667 0.000000 0.000000 0.000000 0.983333 
S 52 89216 114466 -56977 -37346 0.726764
S 53 -110461 2279 88242 5510 0.390659
S 54 78366 125539 -78702 3946 2.136509
S 55 572 128159 -47258 -88966 2.169477
L 56 0.000000 1.000000 0.000000 0.000000 0.000000 0.000000 
S 57 80335 18275 119943 51527 0.279645
L 58 0.000000 0.441176 0.000000 0.235294 0.029412 0.294118 
S 59 1126 16213 119805 71060 0.785127
L 60 0.000000 0.888889 0.000000 0.111111 0.000000 0.000000 
S 61 127893 5010 128082 -79026 1.365130
L 62 0.000000 0.044776 0.000000 0.925373 0.000000 0.029851 
L 63 0.000000 0.371429 0.028571 0.542857 0.028571 0.028571 
L 64 0.714286 0.285714 0.000000 0.000000 0.000000 0.000000 
S 65 70907 99368 43568 55890 1.215648
L 66 0.000000 0.120000 0.000000 0.880000 0.000000 0.000000 
L 67 0.000000 0.000000 0.000000 1.000000 0.000000 0.000000 
S 68 -84522 36234 12042 117107 1.317116
L 69 0.023810 0.333333 0.000000 0.000000 0.071429 0.571429 
L 70 1.000000 0.000000 0.000000 0.000000 0.000000 0.000000 
L 71 0.000000 0.000000 0.000000 0.000000 0.000000 1.000000 
S 72 106833 -104115 128295 27163 2.133956
S 73 72843 -96572 60844 127558 0.112712
S 74 108901 63583 17583 106980 1.447996
S 75 118328 52990 -15172 75709 2.547046
S 76 -80247 121748 116146 128832 1.297220
S 77 19382 61819 -37680 2376 0.721179
S 78 -99847 85165 17989 112250 1.292626
S 79 23253 10393 116588 22500 2.389996
S 80 62920 114480 -37329 118402 0.851086
S 81 91859 31655 14324 25557 1.863301
S 82 85309 108196 -103665 125157 2.641648
S 83 5243 18885 37023 78778 0.999755
L 84 0.000000 0.947368 0.000000 0.000000 0.000000 0.052632 
L 85 0.000000 0.178571 0.000000 0.006494 0.006494 0.808442 
L 86 0.000000 0.548387 0.000000 0.000000 0.000000 0.451613 
L 87 0.000000 0.774194 0.064516 0.000000 0.096774 0.064516 
L 88 0.000000 0.483871 0.000000 0.000000 0.000000 0.516129 
S 89 1674 105001 106050 196 1.052024
L 90 0.000000 0.750000 0.000000 0.000000 0.041667 0.208333 
L 91 0.000000 1.000000 0.000000 0.000000 0.000000 0.000000 
L 92 0.000000 0.769231 0.000000 0.000000 0.000000 0.230769 
L 93 0.000000 1.000000 0.000000 0.000000 0.000000 0.000000 
S 94 -56515 54703 49638 98793 2.393946
S 95 -112344 106515 124335 101246 1.136907
S 96 40708 -107817 115477 43769 2.237533
S 97 120445 -3453 3928 86923 0.595621
L 98 0.000000 0.157895 0.000000 0.789474 0.000000 0.052632 
S 99 49834 -30642 64004 66968 0.856479
L 100 0.000000 0.044643 0.008929 0.035714 0.008929 0.901786 
L 101 0.000000 0.452381 0.000000 0.047619 0.000000 0.500000 
S 102 -10198 5546 110643 94430 2.355891
S 103 -897 84317 22665 44338 2.367822
L 104 0.000000 0.785714 0.000000 0.000000 0.000000 0.214286 
L 105 0.000000 0.035294 0.000000 0.000000 0.035294 0.929412 
L 106 0.000000 0.000000 0.000000 0.000000 0.000000 1.000000 
L 107 0.000000 1.000000 0.000000 0.000000 0.000000 0.000000 
S 108 39945 -53746 2170 55742 2.407726
S 109 83758 58086 -4729 -116705 2.954149
L 110 0.000000 1.000000 0.000000 0.000000 0.000000 0.000000 
L 111 0.000000 0.666667 0.000000 0.000000 0.000000 0.333333 
L 112 0.000000 0.291667 0.000000 0.000000 0.000000 0.708333 
L 113 0.000000 0.000000 0.000000 0.000000 0.000000 1.000000 
L 114 0.000000 0.230769 0.000000 0.000000 0.025641 0.743590 
S 115 41511 71199 124171 -106501 0.386972
S 116 -84708 -84224 123797 45730 2.818104
S 117 74880 27782 49131 40821 2.718262
S 118 38056 121372 36516 47267 1.807724
L 119 0.000000 0.937500 0.000000 0.000000 0.000000 0.062500 
L 120 0.000000 0.833333 0.166667 0.000000 0.000000 0.000000 
L 121 0.000000 0.463415 0.000000 0.000000 0.000000 0.536585 
S 122 21281 97433 -113553 -38491 1.925883
L 123 0.000000 1.000000 0.000000 0.000000 0.000000 0.000000 
L 124 0.000000 0.538462 0.000000 0.000000 0.461538 0.000000 
L 125 0.000000 0.948718 0.025641 0.000000 0.025641 0.000000 
L 126 0.000000 0.800000 0.200000 0.000000 0.000000 0.000000 
L 127 0.000000 1.000000 0.000000 0.000000 0.000000 0.000000 
S 128 93903 92500 110362 5270 1.732975
S 129 -80380 106835 128151 57331 1.340784
S 130 89581 118912 59303 126741 0.233601
S 131 62686 25649 126639 -53529 2.131850
S 132 16680 58622 92724 94990 0.982523
S 133 117290 69625 38902 79278 1.255436
S 134 116436 22278 -13700 18563 1.499193
S 135 96543 2335 48918 -6508 2.198278
S 136 64379 84867 121458 76851 0.816131
S 137 44249 91754 10716 24987 2.934398
L 138 0.000000 0.325000 0.100000 0.050000 0.000000 0.525000 
S 139 105694 47301 36303 51612 1.887307
L 140 0.000000 0.040000 0.000000 0.960000 0.000000 0.000000 
S 141 91942 37674 -6708 -40873 0.477010
L 142 0.000000 0.200000 0.000000 0.520000 0.000000 0.280000 
L 143 0.000000 0.795699 0.000000 0.150538 0.000000 0.053763 
L 144 0.000000 0.000000 0.000000 1.000000 0.000000 0.000000 
S 145 73128 63147 16771 65766 2.325055
L 146 0.000000 0.030303 0.000000 0.939394 0.000000 0.030303 
S 147 63346 70477 111158 63988 0.681672
L 148 0.000000 0.000000 0.000000 0.764706 0.117647 0.117647 
L 149 0.000000 0.418919 0.000000 0.202703 0.108108 0.270270 
L 150 0.000000 0.000000 0.000000 1.000000 0.000000 0.000000 
L 151 0.000000 0.162162 0.027027 0.810811 0.000000 0.000000 
L 152 0.000000 0.000000 0.000000 0.125000 0.000000 0.875000 
S 153 15803 52148 110918 116473 2.621646
L 154 0.000000 0.000000 0.000000 0.222222 0.000000 0.777778 
S 155 108680 106707 1265 49037 0.032211
L 156 0.000000 0.000000 0.000000 0.200000 0.000000 0.800000 
S 157 11252 53105 46924 126455 0.604008
L 158 0.000000 0.000000 0.000000 0.285714 0.000000 0.714286 
S 159 123643 -17534 93985 126 2.493897
L 160 0.000000 0.000000 0.000000 0.996283 0.003717 0.000000 
L 161 0.000000 0.023810 0.000000 0.904762 0.000000 0.071429 
S 162 102434 107824 38609 76208 0.346638
S 163 41635 35129 113827 -123921 0.244899
S 164 -114509 9976 59381 357 1.580867
S 165 97061 1177 -33126 -103165 2.108131
S 166 109961 62135 56751 -62178 0.192910
S 167 108214 92682 16245 107713 0.941976
L 168 0.000000 0.000000 0.000000 1.000000 0.000000 0.000000 
S 169 126185 83803 -89721 -66214 1.822783
S 170 -67688 -97518 96819 42133 1.874928
S 171 64006 59446 -81742 71807 2.249871
L 172 0.000000 0.000000 0.000000 0.809524 0.000000 0.190476 
L 173 0.000000 0.181818 0.022727 0.022727 0.022727 0.750000 
L 174 0.000000 0.000000 0.000000 0.000000 0.013333 0.986667 
L 175 0.000000 1.000000 0.000000 0.000000 0.000000 0.000000 
S 176 30489 43607 -79042 -23993 1.987922
L 177 0.000000 0.000000 0.000000 0.275862 0.000000 0.724138 
L 178 0.000000 0.000000 0.000000 0.500000 0.000000 0.500000 
L 179 0.000000 0.000000 0.000000 1.000000 0.000000 0.000000 
S 180 9393 28165 -47574 1696 1.249537
S 181 125902 83546 -75171 44731 1.924801
S 182 4300 6777 10060 31212 1.431631
S 183 10928 66901 3562 -106177 2.709088
L 184 0.000000 0.000000 0.000000 0.815789 0.000000 0.184211 
L 185 0.000000 0.000000 0.000000 0.000000 0.000000 1.000000 
L 186 0.000000 0.000000 0.000000 0.263158 0.000000 0.736842 
L 187 0.000000 0.000000 0.000000 0.000000 0.000000 1.000000 
S 188 -33474 52845 17879 57954 2.797423
S 189 90247 44126 46741 58402 2.219064
L 190 0.000000 0.000000 0.000000 1.000000 0.000000 0.000000 
L 191 0.000000 0.000000 0.000000 0.428571 0.000000 0.571429 
S 192 111834 119163 1489 127310 2.041711
L 193 0.000000 0.000000 0.000000 0.000000 0.000000 1.000000 
L 194 0.000000 0.000000 0.000000 0.642857 0.000000 0.357143 
L 195 0.000000 0.000000 0.000000 0.152000 0.000000 0.848000 
S 196 25465 3082 61736 58725 2.957178
S 197 127226 113372 73645 118476 1.860154
S 198 1220 23205 -88502 -124517 2.987105
S 199 -11264 18835 74733 40642 1.662419
S 200 45880 114538 110219 102055 0.649825
L 201 0.000000 0.304348 0.000000 0.608696 0.000000 0.086957 
L 202 0.000000 0.000000 0.000000 0.930233 0.000000 0.069767 
S 203 70393 53228 99437 843 0.374813
L 204 0.000000 0.000000 0.000000 0.640449 0.000000 0.359551 
L 205 0.000000 0.000000 0.000000 0.203125 0.000000 0.796875 
L 206 0.000000 0.000000 0.000000 0.697674 0.000000 0.302326 
S 207 56716 -33170 128651 13276 1.765128
L 208 0.000000 0.000000 0.000000 1.000000 0.000000 0.000000 
L 209 0.000000 0.000000 0.000000 0.428571 0.000000 0.571429 
L 210 0.000000 0.000000 0.000000 0.800000 0.000000 0.200000 
S 211 97818 -122518 66693 37981 2.696459
L 212 0.000000 0.000000 0.000000 0.000000 0.000000 1.000000 
L 213 0.000000 0.285714 0.142857 0.285714 0.000000 0.285714 
S 214 -89790 18686 16725 55059 0.413944
S 215 90382 -121303 120321 100622 1.034000
S 216 -111105 32137 28969 86932 0.474940
S 217 58833 125325 -51192 12001 0.587446
S 218 63206 -112723 30618 14222 2.661017
S 219 82466 113985 99826 53434 0.805647
L 220 0.000000 0.550000 0.000000 0.000000 0.200000 0.250000 
S 221 61651 76321 28420 66629 1.836845
L 222 0.000000 0.000000 0.000000 0.000000 0.258065 0.741935 
S 223 21264 55756 73507 86537 2.802760
L 224 0.000000 0.375000 0.000000 0.000000 0.125000 0.500000 
L 225 0.000000 0.000000 0.000000 0.000000 0.000000 1.000000 
L 226 0.000000 0.000000 0.000000 0.000000 0.000000 1.000000 
S 227 7368 25675 10128 60352 1.657284
L 228 0.000000 0.000000 0.052632 0.000000 0.052632 0.894737 
L 229 0.000000 0.000000 0.000000 0.000000 0.666667 0.333333 
L 230 0.000000 0.042553 0.000000 0.000000 0.000000 0.957447 
S 231 42572 53762 -37373 17836 1.405017
L 232 0.000000 0.920000 0.080000 0.000000 0.000000 0.000000 
L 233 0.000000 0.119048 0.833333 0.047619 0.000000 0.000000 
L 234 0.000000 0.142857 0.047619 0.023810 0.000000 0.785714 
S 235 -2416 -127901 68297 1515 2.433255
S 236 2948 127578 58687 23937 0.200559
S 237 50847 -30498 126793 83553 0.870908
S 238 113851 -49145 126694 64142 0.088649
L 239 0.000000 0.500000 0.000000 0.000000 0.000000 0.500000 
L 240 0.000000 0.000000 1.000000 0.000000 0.000000 0.000000 
L 241 0.000000 1.000000 0.000000 0.000000 0.000000 0.000000 
L 242 0.000000 0.000000 0.468085 0.468085 0.063830 0.000000 
S 243 28120 127794 2685 -77609 0.188652
L 244 0.000000 0.000000 0.666667 0.000000 0.333333 0.000000 
S 245 -35747 33466 8095 5419 0.294979
L 246 0.000000 0.000000 0.105263 0.894737 0.000000 0.000000 
L 247 0.000000 0.000000 0.000000 1.000000 0.000000 0.000000 
S 248 -101666 -55999 98238 48754 1.257609
S 249 127324 -47798 125244 96923 2.474849
S 250 -85430 -28307 354 37118 2.244094
S 251 -114081 -50456 26485 75167 0.540358
S 252 123389 24382 14011 -119527 0.877681
S 253 127735 45246 -117207 -40980 2.546234
S 254 25304 41931 123868 -101497 2.392344
S 255 124483 128593 35633 -63182 0.702496
S 256 111046 -17871 102763 87612 0.036833
S 257 71675 24404 118369 23946 0.193562
S 258 -97085 -3779 58898 627 2.470277
S 259 -29355 -93468 63266 101183 1.238944
S 260 114594 9178 1311 19622 1.784756
S 261 -72157 -103097 127070 73362 1.557167
L 262 0.000000 1.000000 0.000000 0.000000 0.000000 0.000000 
S 263 38525 1494 61612 -92965 0.947843
L 264 1.000000 0.000000 0.000000 0.000000 0.000000 0.000000 
L 265 0.527132 0.472868 0.000000 0.000000 0.000000 0.000000 
L 266 0.000000 1.000000 0.000000 0.000000 0.000000 0.000000 
S 267 3676 62043 87920 66605 1.698848
L 268 0.000000 1.000000 0.000000 0.000000 0.000000 0.000000 
L 269 0.993243 0.000000 0.000000 0.000000 0.006757 0.000000 
L 270 1.000000 0.000000 0.000000 0.000000 0.000000 0.000000 
S 271 3573 88119 -94755 88219 2.898792
L 272 0.227273 0.750000 0.022727 0.000000 0.000000 0.000000 
L 273 0.000000 1.000000 0.000000 0.000000 0.000000 0.000000 
L 274 0.850000 0.150000 0.000000 0.000000 0.000000 0.000000 
S 275 108761 929 93098 -95752 2.219014
L 276 0.434783 0.000000 0.000000 0.000000 0.478261 0.086957 
S 277 99836 -76845 102080 102874 1.988150
S 278 35940 15403 93657 74477 0.815120
S 279 1072 25648 -6161 13061 2.868377
L 280 1.000000 0.000000 0.000000 0.000000 0.000000 0.000000 
L 281 0.000000 0.985318 0.000000 0.000000 0.014682 0.000000 
L 282 0.000000 0.631579 0.000000 0.000000 0.368421 0.000000 
L 283 0.026316 0.914474 0.006579 0.000000 0.052632 0.000000 
L 284 0.000000 1.000000 0.000000 0.000000 0.000000 0.000000 
S 285 109255 25279 -14777 -41048 1.822767
S 286 100604 51559 -92022 99374 0.173768
S 287 -79097 95470 2088 62996 0.796392
L 288 0.000000 0.000000 1.000000 0.000000 0.000000 0.000000 
S 289 71490 23193 -81454 -112242 0.721723
L 290 0.000000 0.000000 1.000000 0.000000 0.000000 0.000000 
S 291 38068 15550 113938 24689 0.993626
L 292 0.000000 0.625000 0.375000 0.000000 0.000000 0.000000 
L 293 0.000000 0.960526 0.039474 0.000000 0.000000 0.000000 
S 294 -88808 -90574 89281 112965 0.116705
L 295 0.000000 0.000000 1.000000 0.000000 0.000000 0.000000 
L 296 0.000000 1.000000 0.000000 0.000000 0.000000 0.000000 
L 297 0.000000 0.220000 0.760000 0.020000 0.000000 0.000000 
S 298 -4484 28092 113384 103253 1.578945
S 299 71444 73167 85029 121791 0.022213
S 300 126039 128439 -95501 47721 2.588417
S 301 117883 124344 66219 -81634 2.123016
S 302 22770 35356 -124217 -66274 0.628111
S 303 -27967 117396 39658 71659 2.813623
S 304 -91309 -102041 125182 41607 2.120259
S 305 2036 80473 62399 112346 2.136958
L 306 0.458333 0.458333 0.083333 0.000000 0.000000 0.000000 
L 307 0.953488 0.046512 0.000000 0.000000 0.000000 0.000000 
L 308 0.000000 0.333333 0.666667 0.000000 0.000000 0.000000 
L 309 1.000000 0.000000 0.000000 0.000000 0.000000 0.000000 
S 310 103787 35208 -107144 -53013 2.369203
S 311 -38065 -92840 83751 344 0.015855
L 312 0.000000 0.000000 0.000000 0.000000 1.000000 0.000000 
S 313 126603 5705 113887 7284 0.022393
L 314 0.017857 0.910714 0.071429 0.000000 0.000000 0.000000 
L 315 0.000000 0.592593 0.370370 0.000000 0.037037 0.000000 
L 316 0.000000 1.000000 0.000000 0.000000 0.000000 0.000000 
S 317 85678 76350 114976 47427 0.895149
L 318 0.500000 0.000000 0.250000 0.000000 0.250000 0.000000 
L 319 1.000000 0.000000 0.000000 0.000000 0.000000 0.000000 
S 320 57140 38389 110436 -75559 0.317563
S 321 72419 103589 25252 1554 2.755772
L 322 0.916667 0.083333 0.000000 0.000000 0.000000 0.000000 
L 323 1.000000 0.000000 0.000000 0.000000 0.000000 0.000000 
S 324 127983 38113 -17256 -108837 0.928977
S 325 104733 117916 34160 121623 0.444543
S 326 122254 110289 -108384 -64745 2.820674
L 327 0.000000 0.000000 0.000000 0.000000 1.000000 0.000000 
L 328 0.741935 0.000000 0.032258 0.000000 0.225806 0.000000 
L 329 1.000000 0.000000 0.000000 0.000000 0.000000 0.000000 
L 330 0.000000 1.000000 0.000000 0.000000 0.000000 0.000000 
L 331 1.000000 0.000000 0.000000 0.000000 0.000000 0.000000 
L 332 0.000000 0.545455 0.454545 0.000000 0.000000 0.000000 
L 333 0.000000 0.088235 0.882353 0.029412 0.000000 0.000000 
S 334 124837 53651 -78749 15454 2.156749
S 335 -17359 -20456 127166 38276 0.685754
S 336 42007 45666 43974 -24681 0.347205
S 337 2407 68187 -124284 43882 0.729920
S 338 8344 126785 -52071 77875 1.854402
S 339 -134 -86160 127507 68025 1.161614
S 340 14623 -68713 67952 19357 0.952202
S 341 22886 30424 126105 40093 2.941255
S 342 51632 29845 7406 39427 0.724361
S 343 2506 125034 -100488 103585 1.574438
S 344 75296 117467 58840 93064 1.073833
S 345 45061 45745 124238 48493 0.364456
L 346 0.000000 1.000000 0.000000 0.000000 0.000000 0.000000 
L 347 0.000000 0.250000 0.000000 0.000000 0.016667 0.733333 
L 348 0.052782 0.261056 0.007133 0.001427 0.502140 0.175464 
L 349 0.175758 0.557576 0.030303 0.018182 0.163636 0.054545 
S 350 117498 2671 65201 -27125 2.418804
S 351 40786 71780 46085 19334 0.601106
L 352 0.000000 0.150000 0.050000 0.000000 0.700000 0.100000 
L 353 0.000000 0.666667 0.000000 0.000000 0.222222 0.111111 
L 354 0.000000 0.000000 0.000000 0.000000 1.000000 0.000000 
L 355 0.000000 0.937931 0.000000 0.006897 0.034483 0.020690 
L 356 0.000000 0.000000 1.000000 0.000000 0.000000 0.000000 
S 357 62794 99308 -6779 -67128 0.364211
S 358 104391 37795 50155 29447 2.241297
L 359 0.000000 1.000000 0.000000 0.000000 0.000000 0.000000 
L 360 0.018868 0.364780 0.006289 0.000000 0.245283 0.364780 
L 361 0.026263 0.115152 0.000000 0.002020 0.145455 0.711111 
S 362 112799 30499 21633 18795 1.527412
S 363 -83128 7790 116902 58830 2.828727
S 364 1457 112818 -27546 -6490 0.782189
L 365 0.000000 0.961538 0.000000 0.000000 0.000000 0.038462 
L 366 0.000000 0.057143 0.000000 0.000000 0.057143 0.885714 
L 367 0.000000 0.470588 0.000000 0.000000 0.235294 0.294118 
S 368 59461 78203 -82438 -85283 2.577475
S 369 18541 8409 123159 7774 0.418946
S 370 -51824 -48473 124410 54942 2.655236
S 371 23308 46948 95264 -101322 1.228179
L 372 0.055363 0.100346 0.065744 0.000000 0.775087 0.003460 
L 373 0.158768 0.142180 0.034360 0.005924 0.573460 0.085308 
L 374 0.000000 0.536364 0.018182 0.009091 0.272727 0.163636 
L 375 0.015748 0.503937 0.094488 0.000000 0.385827 0.000000 
S 376 -24855 -118200 96746 71955 2.848151
L 377 0.333333 0.619048 0.047619 0.000000 0.000000 0.000000 
L 378 0.000000 0.450000 0.000000 0.000000 0.525000 0.025000 
L 379 0.000000 0.675676 0.162162 0.000000 0.162162 0.000000 
S 380 126835 30972 100155 111988 0.715037
S 381 67598 1252 -12690 -41156 2.444932
L 382 0.000000 0.000000 1.000000 0.000000 0.000000 0.000000 
S 383 95626 61826 1346 48263 1.188263
L 384 0.315789 0.184211 0.184211 0.052632 0.184211 0.078947 
S 385 108142 89716 81513 26487 0.709457
L 386 0.000000 0.625000 0.000000 0.000000 0.375000 0.000000 
S 387 15199 58367 2749 33205 0.445174
L 388 0.000000 0.322581 0.032258 0.000000 0.129032 0.516129 
L 389 0.020000 0.010000 0.050000 0.000000 0.020000 0.900000 
S 390 78358 62762 519 72897 1.426375
S 391 87829 116777 75262 32904 0.360761
L 392 0.000000 0.108108 0.000000 0.000000 0.702703 0.189189 
S 393 -105173 32852 44182 38631 0.281871
L 394 0.000000 0.825000 0.000000 0.000000 0.075000 0.100000 
S 395 64717 8318 5043 3195 0.698044
L 396 0.000000 0.846154 0.076923 0.000000 0.076923 0.000000 
L 397 0.039216 0.156863 0.078431 0.000000 0.588235 0.137255 
S 398 -805 -106025 24422 22737 0.678077
L 399 0.000000 0.880000 0.000000 0.000000 0.000000 0.120000 
L 400 0.000000 0.733333 0.133333 0.000000 0.066667 0.066667 
S 401 14176 -126032 60199 10864 1.382684
L 402 0.000000 0.750000 0.250000 0.000000 0.000000 0.000000 
L 403 0.004000 0.064000 0.016000 0.000000 0.204000 0.712000 
S 404 -33812 69891 20925 71297 0.328552
S 405 63129 22893 67428 68397 2.782143
S 406 62002 8310 45957 -127685 2.005600
S 407 80086 62163 50655 -26384 0.985750
S 408 -37868 -44875 97856 34617 2.872028
L 409 0.236842 0.447368 0.289474 0.026316 0.000000 0.000000 
L 410 1.000000 0.000000 0.000000 0.000000 0.000000 0.000000 
S 411 -73357 54481 5875 28854 0.622844
S 412 81322 34679 62634 -95605 2.482455
S 413 97421 44910 66872 27821 2.236203
L 414 0.058824 0.058824 0.764706 0.000000 0.117647 0.000000 
L 415 0.000000 0.096154 0.153846 0.000000 0.750000 0.000000 
L 416 0.000000 0.000000 0.125000 0.000000 0.875000 0.000000 
L 417 0.009259 0.018519 0.935185 0.000000 0.037037 0.000000 
L 418 1.000000 0.000000 0.000000 0.000000 0.000000 0.000000 
L 419 0.702703 0.027027 0.027027 0.000000 0.243243 0.000000 
S 420 103370 -97271 50169 43363 2.146691
S 421 27391 62464 100232 118069 1.393178
L 422 0.000000 0.642857 0.357143 0.000000 0.000000 0.000000 
L 423 0.000000 1.000000 0.000000 0.000000 0.000000 0.000000 
S 424 110768 26478 -14621 22108 1.685185
S 425 13059 3523 113414 32077 0.952533
L 426 0.000000 0.066667 0.666667 0.000000 0.266667 0.000000 
S 427 -43723 -92387 124521 44696 1.292373
L 428 0.844444 0.000000 0.133333 0.000000 0.022222 0.000000 
L 429 0.333333 0.027778 0.166667 0.000000 0.416667 0.055556 
S 430 4531 29980 41280 -65490 1.383934
S 431 -101204 102431 4194 11058 0.404269
S 432 -76696 112902 86192 31053 2.289583
S 433 1037 119475 -58120 81542 2.280544
L 434 0.053459 0.204403 0.103774 0.000000 0.638365 0.000000 
L 435 0.000000 0.866667 0.000000 0.000000 0.000000 0.133333 
L 436 0.012195 0.085366 0.365854 0.000000 0.536585 0.000000 
L 437 0.062500 0.031250 0.875000 0.000000 0.031250 0.000000 
S 438 57148 30583 -81506 32175 2.217360
S 439 107143 -91054 126633 17453 2.736204
L 440 0.023810 0.000000 0.047619 0.000000 0.095238 0.833333 
L 441 0.100000 0.114286 0.000000 0.000000 0.728571 0.057143 
L 442 0.057937 0.249131 0.059096 0.000000 0.611819 0.022016 
L 443 0.611111 0.129630 0.055556 0.018519 0.185185 0.000000 
S 444 -113693 86099 74625 104599 2.446702
S 445 -69828 13421 703 62534 0.370349
S 446 -109499 -8657 128492 62028 0.406410
S 447 58749 23873 -59840 109567 0.960725
L 448 0.000000 0.000000 0.707317 0.048780 0.048780 0.195122 
S 449 96042 69122 43173 -20878 1.702642
L 450 0.000000 0.000000 0.000000 0.000000 0.139535 0.860465 
S 451 -68048 -316 59014 102741 2.146615
S 452 72144 21455 -44251 55126 2.950567
S 453 99270 3833 98181 -43198 0.357441
S 454 60706 -107477 6566 107592 0.106538
S 455 100981 -65843 1346 95781 1.949841
L 456 0.909091 0.000000 0.000000 0.000000 0.000000 0.090909 
S 457 -18392 -115114 90269 115385 0.126874
L 458 0.000000 0.317073 0.097561 0.000000 0.536585 0.048780 
L 459 0.000000 0.909091 0.090909 0.000000 0.000000 0.000000 
L 460 0.405405 0.000000 0.000000 0.000000 0.594595 0.000000 
S 461 64806 66875 44726 75651 1.998949
L 462 0.000000 0.000000 0.000000 0.000000 0.447368 0.552632 
L 463 0.000000 0.000000 0.000000 0.000000 0.783333 0.216667 
L 464 0.000000 0.000000 0.235294 0.000000 0.588235 0.176471 
S 465 92979 11 -29212 38754 2.990929
S 466 87642 72604 -73868 44921 1.556907
S 467 34503 1364 -13997 75559 0.716226
L 468 0.000000 0.000000 0.000000 0.000000 0.500000 0.500000 
L 469 0.065693 0.000000 0.000000 0.000000 0.934307 0.000000 
L 470 0.000000 0.000000 0.000000 0.000000 0.571429 0.428571 
L 471 0.000000 0.000000 0.000000 0.000000 0.981183 0.018817 
S 472 33546 125592 72337 2797 0.170298
S 473 -46171 97585 88847 3218 1.290362
S 474 112268 -110802 84519 117807 1.274134
S 475 -44666 114251 683 37603 2.855241
S 476 -126344 6781 82219 51757 0.776497
L 477 0.000000 0.000000 0.391304 0.000000 0.608696 0.000000 
L 478 0.000000 0.000000 0.687500 0.000000 0.312500 0.000000 
S 479 86926 -39243 125367 44201 0.560081
L 480 0.000000 0.000000 0.500000 0.000000 0.500000 0.000000 
L 481 0.000000 0.000000 1.000000 0.000000 0.000000 0.000000 
L 482 0.000000 0.000000 1.000000 0.000000 0.000000 0.000000 
L 483 0.000000 0.000000 0.000000 1.000000 0.000000 0.000000 
L 484 0.000000 0.000000 0.967742 0.032258 0.000000 0.000000 
S 485 79778 120207 128344 18502 2.451834
S 486 94706 56805 77769 90517 1.731471
L 487 0.000000 0.035714 0.678571 0.000000 0.285714 0.000000 
L 488 0.000000 0.000000 0.142857 0.000000 0.750000 0.107143 
S 489 16729 43831 26913 23672 1.638314
L 490 0.000000 0.000000 0.230769 0.000000 0.769231 0.000000 
L 491 0.000000 0.000000 0.000000 0.000000 1.000000 0.000000 
S 492 19669 13462 -80800 77291 0.290123
S 493 107737 91864 69256 119816 1.274871
L 494 0.000000 0.000000 0.647059 0.000000 0.352941 0.000000 
S 495 128164 -97270 49681 1519 2.104948
S 496 4823 38981 -51042 878 0.549507
L 497 0.000000 0.000000 0.815789 0.184211 0.000000 0.000000 
L 498 0.000000 0.000000 0.000000 1.000000 0.000000 0.000000 
S 499 34531 -90598 57507 37277 2.770650
S 500 -16609 117093 70232 128870 0.451276
L 501 0.000000 0.000000 1.000000 0.000000 0.000000 0.000000 
L 502 0.000000 0.000000 1.000000 0.000000 0.000000 0.000000 
S 503 5520 82070 -15010 127112 2.651848
L 504 0.000000 0.000000 0.038462 0.961538 0.000000 0.000000 
L 505 0.000000 0.000000 1.000000 0.000000 0.000000 0.000000 
S 506 101551 61059 62582 1322 2.383045
S 507 80864 1097 22768 -48990 0.589218
S 508 47717 94655 55658 54508 0.622979
S 509 32260 63245 132 29353 2.303995
S 510 61732 25866 102939 -1930 2.798177
S 511 2825 97047 -50334 100648 0.062981
S 512 68581 48838 15669 95691 0.419454
L 513 0.000000 0.000000 1.000000 0.000000 0.000000 0.000000 
S 514 -15227 4232 37130 32239 0.626019
S 515 4680 48371 -104100 106079 1.388693
L 516 0.000000 0.000000 0.040000 0.000000 0.880000 0.080000 
L 517 0.000000 0.000000 0.000000 0.000000 0.029412 0.970588 
L 518 0.000000 0.000000 0.036697 0.000000 0.064220 0.899083 
L 519 0.000000 0.000000 0.335227 0.005682 0.011364 0.647727 
S 520 102924 13073 -109997 -110522 1.961244
S 521 -122543 -113377 70989 34633 0.349645
L 522 0.000000 0.000000 0.820513 0.000000 0.128205 0.051282 
L 523 0.000000 0.000000 0.360000 0.000000 0.620000 0.020000 
S 524 -56906 119393 42047 15608 0.405398
L 525 0.100000 0.000000 0.000000 0.000000 0.750000 0.150000 
L 526 0.020408 0.000000 0.040816 0.000000 0.102041 0.836735 
L 527 0.000000 0.000000 0.377358 0.000000 0.018868 0.603774 
S 528 26322 8704 7812 4160 0.974194
S 529 -30156 -45681 2639 103724 2.137638
S 530 -16060 -73730 56501 4954 0.988230
L 531 0.000000 0.000000 1.000000 0.000000 0.000000 0.000000 
S 532 100218 81755 -59050 -3419 0.242913
S 533 746 57431 117109 -83059 0.019549
L 534 0.000000 0.000000 0.012048 0.048193 0.939759 0.000000 
L 535 0.000000 0.000000 0.000000 0.000000 0.580000 0.420000 
L 536 0.000000 0.000000 0.256098 0.000000 0.719512 0.024390 
L 537 0.000000 0.000000 0.909091 0.090909 0.000000 0.000000 
S 538 21005 1045 18256 65307 1.946995
S 539 60168 37801 30168 38956 1.967180
S 540 2474 20178 -122807 125442 2.745796
S 541 830 92473 -29120 -124009 1.577143
L 542 0.000000 0.000000 0.130814 0.005814 0.517442 0.345930 
L 543 0.000000 0.000000 0.377358 0.245283 0.075472 0.301887 
L 544 0.000000 0.000000 0.181818 0.006993 0.454545 0.356643 
L 545 0.000000 0.000000 0.402083 0.072917 0.152083 0.372917 
L 546 0.000000 0.000000 1.000000 0.000000 0.000000 0.000000 
S 547 -55530 46296 3962 45153 1.756204
L 548 0.000000 0.000000 0.596154 0.019231 0.121795 0.262821 
L 549 0.005236 0.000000 0.403141 0.094241 0.036649 0.460733 
S 550 5064 121677 10683 3355 2.142571
S 551 76895 27609 126365 1467 1.043936
S 552 -22249 -69602 4468 8205 2.173037
S 553 50562 8762 -513 -88474 1.325871
L 554 0.000000 0.481481 0.222222 0.037037 0.259259 0.000000 
S 555 76618 26124 -21932 117527 0.942451
L 556 0.291667 0.125000 0.000000 0.000000 0.583333 0.000000 
L 557 0.000000 0.035714 0.035714 0.000000 0.928571 0.000000 
S 558 -34877 111338 48095 10083 1.524519
S 559 101728 1509 -37730 31297 1.758823
S 560 30585 11822 -39364 -117018 1.553320
L 561 0.108108 0.081081 0.216216 0.000000 0.378378 0.216216 
L 562 0.000000 0.000000 0.017857 0.000000 0.142857 0.839286 
L 563 0.000000 0.000000 0.307692 0.000000 0.307692 0.384615 
S 564 10622 3288 74506 36993 2.225899
L 565 0.083333 0.027778 0.444444 0.000000 0.416667 0.027778 
L 566 0.214286 0.142857 0.285714 0.071429 0.142857 0.142857 
L 567 0.000000 0.395833 0.104167 0.000000 0.416667 0.083333 
S 568 14 35938 81317 -44667 2.504765
S 569 19853 -92 1194 128829 2.084044
S 570 -7096 5787 1733 21965 2.074108
L 571 0.000000 0.000000 0.000000 0.097561 0.000000 0.902439 
S 572 -126264 -41932 1697 8826 1.336345
S 573 -67462 -83533 93110 1438 2.109808
L 574 0.000000 0.000000 0.323741 0.086331 0.133094 0.456835 
L 575 0.000000 1.000000 0.000000 0.000000 0.000000 0.000000 
L 576 0.000000 0.022472 0.359551 0.000000 0.337079 0.280899 
L 577 0.000000 0.000000 0.589888 0.028090 0.140449 0.241573 
S 578 -9446 49981 4067 1327 0.869326
S 579 -30029 -110902 4697 4157 1.639732
L 580 0.526316 0.210526 0.105263 0.157895 0.000000 0.000000 
S 581 -117788 100782 7090 503 1.515519
L 582 0.116279 0.162791 0.302326 0.093023 0.325581 0.000000 
L 583 0.000000 0.000000 0.150000 0.025000 0.450000 0.375000 
S 584 -38702 -61125 1624 4748 1.092951
S 585 53066 -116038 60845 1776 0.296203
L 586 0.003968 0.023810 0.369048 0.123016 0.206349 0.273810 
L 587 0.200000 0.400000 0.000000 0.000000 0.000000 0.400000 
L 588 0.169811 0.094340 0.396226 0.018868 0.075472 0.245283 
L 589 0.166667 0.166667 0.380952 0.166667 0.071429 0.047619 
