S 1 7089 126736 40497 -13023 1.422651
S 2 -10135 -97829 125561 5329 1.361455
S 3 123593 -80373 109525 24841 1.865850
S 4 -5394 68328 128952 71554 2.303662
S 5 -981 116156 127386 88293 1.547464
S 6 119439 55684 -14536 -45793 1.548903
S 7 -37543 -97682 112722 1289 0.593006
S 8 121810 127776 44789 -31084 2.884964
S 9 -4571 -114931 126626 53344 0.702778
S 10 -41179 77278 48628 39776 1.737255
S 11 41531 -1232 128476 113637 2.522990
S 12 44634 45168 27785 2607 1.936133
S 13 13169 123853 45545 80450 0.883741
S 14 79862 18678 53303 111162 1.686936
S 15 85824 6224 74863 47821 0.944404
S 16 21249 -113942 128264 25871 2.694773
S 17 43746 -93957 68869 1877 1.142728
L 18 0.078947 0.315789 0.000000 0.605263 0.000000 0.000000 
S 19 3970 90574 10265 124369 2.641779
L 20 0.000000 0.792144 0.016367 0.173486 0.000000 0.018003 
L 21 0.002083 0.913021 0.011458 0.066146 0.001563 0.005729 
L 22 0.000000 0.705882 0.058824 0.000000 0.000000 0.235294 
S 23 -69138 87289 38636 2331 2.350606
L 24 0.000000 0.000000 0.000000 1.000000 0.000000 0.000000 
L 25 0.000847 0.981356 0.002542 0.013559 0.000847 0.000847 
S 26 125570 71987 2750 -60989 1.141058
S 27 115147 10454 107103 20518 2.456302
S 28 88593 85646 25224 114268 2.577584
S 29 45432 95189 80872 2689 0.713475
L 30 0.000000 0.860000 0.000000 0.040000 0.020000 0.080000 
L 31 0.000000 0.593668 0.007916 0.393140 0.000000 0.005277 
L 32 0.000000 0.751592 0.006369 0.235669 0.000000 0.006369 
L 33 0.000000 0.815686 0.031373 0.050980 0.003922 0.098039 
L 34 0.000000 0.333333 0.111111 0.000000 0.000000 0.555556 
S 35 69488 61136 113387 44837 0.300170
L 36 0.000000 0.926829 0.024390 0.040650 0.008130 0.000000 
L 37 0.000000 0.936620 0.007042 0.000000 0.000000 0.056338 
S 38 64629 123289 126665 -68068 0.843962
S 39 13342 69864 69285 3270 2.824893
L 40 0.000000 0.659574 0.000000 0.000000 0.021277 0.319149 
S 41 2347 86569 122319 4903 1.880163
L 42 0.000000 0.652174 0.043478 0.000000 0.000000 0.304348 
S 43 -122702 70394 26574 1605 1.545706
L 44 0.000000 0.000000 0.000000 0.000000 0.000000 1.000000 
L 45 0.000000 0.992147 0.000000 0.000000 0.000000 0.007853 
S 46 51141 28822 102289 30488 1.632549
S 47 6445 109614 67180 51474 0.718808
L 48 0.000000 0.375000 0.000000 0.000000 0.000000 0.625000 
S 49 943 114235 125383 21930 0.259120
L 50 0.000000 0.000000 0.000000 0.000000 0.000000 1.000000 
L 51 0.000000 0.980000 0.000000 0.000000 0.000000 0.020000 
L 52 0.000000 0.920000 0.000000 0.000000 0.000000 0.080000 
L 53 0.000000 0.370370 0.185185 0.000000 0.407407 0.037037 
L 54 0.000000 0.100000 0.000000 0.850000 0.000000 0.050000 
S 55 84462 13104 41915 10211 1.818392
S 56 34909 7371 37388 124278 1.782254
S 57 96029 42514 -35699 -15501 1.473661
S 58 22337 107883 102571 95923 1.062489
S 59 42378 94697 13140 106012 1.263071
L 60 0.000000 0.809524 0.000000 0.000000 0.000000 0.190476 
L 61 0.000000 0.340426 0.000000 0.000000 0.000000 0.659574 
L 62 0.000000 0.500000 0.000000 0.500000 0.000000 0.000000 
L 63 0.000000 0.080000 0.000000 0.000000 0.000000 0.920000 
L 64 0.000000 0.363636 0.000000 0.000000 0.272727 0.363636 
L 65 0.000000 0.980000 0.000000 0.020000 0.000000 0.000000 
S 66 84570 -24207 73742 119142 2.892863
S 67 75688 13344 113299 51054 1.756982
S 68 114731 101356 92990 27579 2.265002
S 69 76 125723 28467 57438 1.456535
S 70 7373 -61328 124170 4375 2.492682
S 71 65402 12074 -9895 -25040 2.303045
L 72 0.000000 0.000000 0.000000 1.000000 0.000000 0.000000 
S 73 98870 -104336 125701 116794 2.489432
L 74 0.000000 0.500000 0.000000 0.000000 0.000000 0.500000 
S 75 26585 40076 37018 -104240 0.685011
L 76 0.000000 0.000000 0.000000 1.000000 0.000000 0.000000 
L 77 0.000000 0.173228 0.015748 0.811024 0.000000 0.000000 
S 78 66212 35569 102832 60898 0.997876
L 79 0.000000 0.700000 0.050000 0.200000 0.000000 0.050000 
L 80 0.000000 0.478261 0.000000 0.347826 0.000000 0.173913 
S 81 48491 59656 53442 30132 0.533386
L 82 0.000000 0.000000 0.083333 0.333333 0.000000 0.583333 
L 83 0.000000 0.000000 0.000000 0.954545 0.000000 0.045455 
L 84 0.000000 0.000000 0.000000 1.000000 0.000000 0.000000 
L 85 0.000000 0.723404 0.000000 0.127660 0.021277 0.127660 
L 86 0.000000 0.000000 0.000000 0.020408 0.020408 0.959184 
S 87 15106 100765 2987 42744 1.422445
L 88 0.000000 0.375000 0.000000 0.000000 0.375000 0.250000 
S 89 89267 61427 33095 45807 2.671519
L 90 0.000000 0.571429 0.142857 0.142857 0.000000 0.142857 
S 91 32154 2837 27030 111791 2.185200
L 92 0.000000 0.687500 0.000000 0.000000 0.000000 0.312500 
L 93 0.000000 0.189189 0.000000 0.000000 0.000000 0.810811 
S 94 -7339 99242 9861 40274 1.818448
S 95 15232 -58662 19046 65830 1.072266
S 96 -14136 119805 109224 4436 2.578485
S 97 127250 33606 30486 18836 1.886270
S 98 3279 70644 83224 54997 1.676061
S 99 66216 108789 126410 109768 2.274637
S 100 54021 27830 126648 31819 1.545659
S 101 98422 30745 23692 38250 2.924865
S 102 70099 87575 116892 75028 0.142155
S 103 7955 27859 70716 29522 0.377262
L 104 0.000000 0.871795 0.000000 0.000000 0.000000 0.128205 
S 105 55766 102159 1087 106490 2.942618
L 106 0.000000 0.928571 0.000000 0.071429 0.000000 0.000000 
L 107 0.000000 0.302158 0.000000 0.021583 0.021583 0.654676 
L 108 0.000000 0.702703 0.027027 0.000000 0.000000 0.270270 
S 109 74296 108656 -40384 -76571 0.204872
L 110 0.000000 0.727273 0.181818 0.090909 0.000000 0.000000 
L 111 0.000000 1.000000 0.000000 0.000000 0.000000 0.000000 
S 112 127150 66679 -88024 76967 1.813562
S 113 4306 79493 6089 98668 2.115079
S 114 120494 29841 51398 56932 0.699538
S 115 128471 40213 11688 21964 0.098563
L 116 0.000000 1.000000 0.000000 0.000000 0.000000 0.000000 
L 117 0.000000 0.040268 0.000000 0.000000 0.006711 0.953020 
L 118 0.000000 0.058824 0.000000 0.000000 0.058824 0.882353 
L 119 0.000000 0.550000 0.050000 0.000000 0.000000 0.400000 
L 120 0.000000 0.157895 0.000000 0.000000 0.000000 0.842105 
L 121 0.000000 0.820000 0.000000 0.000000 0.000000 0.180000 
L 122 0.000000 0.568182 0.000000 0.000000 0.000000 0.431818 
S 123 -106780 -4492 115099 65437 2.594828
L 124 0.000000 0.461538 0.000000 0.000000 0.076923 0.461538 
S 125 79462 6438 12385 64648 2.302142
L 126 0.000000 0.785714 0.000000 0.000000 0.000000 0.214286 
L 127 0.000000 1.000000 0.000000 0.000000 0.000000 0.000000 
L 128 0.000000 0.000000 0.000000 1.000000 0.000000 0.000000 
S 129 -34627 -77278 98480 57742 0.187252
L 130 0.000000 0.833333 0.000000 0.000000 0.000000 0.166667 
L 131 0.000000 1.000000 0.000000 0.000000 0.000000 0.000000 
S 132 5252 100003 38545 43976 0.341338
S 133 63340 74553 18603 -88326 1.678897
S 134 106351 8383 4824 3039 0.958744
S 135 86419 103035 90220 68698 1.827651
L 136 0.000000 0.222222 0.055556 0.000000 0.000000 0.722222 
S 137 83505 46382 29261 -80174 2.040894
L 138 0.000000 0.142857 0.142857 0.142857 0.142857 0.428571 
S 139 126366 49730 45845 19267 2.670026
L 140 0.000000 0.000000 0.000000 0.000000 1.000000 0.000000 
S 141 -59349 48798 42299 106531 2.030362
L 142 0.000000 0.000000 0.000000 0.000000 0.000000 1.000000 
L 143 0.000000 0.927273 0.000000 0.000000 0.000000 0.072727 
S 144 128587 44833 -99519 -101002 1.250315
S 145 106259 128324 127669 -42339 2.674310
S 146 32587 96187 -110356 2725 2.929189
S 147 -61424 122615 128908 1046 1.327198
L 148 0.000000 0.000000 0.000000 1.000000 0.000000 0.000000 
S 149 -60699 70365 115916 98712 1.016767
L 150 0.000000 0.016260 0.000000 0.000000 0.004065 0.979675 
L 151 0.000000 0.000000 0.000000 0.055556 0.000000 0.944444 
S 152 -107016 19163 6894 58792 2.711784
L 153 0.000000 1.000000 0.000000 0.000000 0.000000 0.000000 
L 154 0.000000 0.171429 0.000000 0.000000 0.057143 0.771429 
L 155 0.000000 0.000000 0.000000 0.000000 0.000000 1.000000 
L 156 0.000000 0.060000 0.020000 0.000000 0.040000 0.880000 
S 157 67671 -61208 44087 58039 1.742356
L 158 0.000000 0.934783 0.000000 0.021739 0.000000 0.043478 
L 159 0.000000 0.181818 0.000000 0.000000 0.000000 0.818182 
S 160 -16301 919 54844 128013 0.265090
S 161 125664 119590 9294 -98327 2.627640
S 162 116302 51615 90130 -25262 1.341201
L 163 0.000000 0.341463 0.000000 0.024390 0.000000 0.634146 
S 164 -102727 -978 105397 25133 2.422136
L 165 0.000000 0.000000 0.000000 0.000000 0.000000 1.000000 
L 166 0.000000 0.800000 0.000000 0.000000 0.200000 0.000000 
L 167 0.000000 1.000000 0.000000 0.000000 0.000000 0.000000 
L 168 0.000000 0.933333 0.000000 0.000000 0.000000 0.066667 
S 169 7296 -14659 39567 100694 0.472426
L 170 0.000000 0.000000 0.000000 0.000000 0.000000 1.000000 
L 171 0.000000 1.000000 0.000000 0.000000 0.000000 0.000000 
S 172 -88683 -27896 101361 951 1.667007
S 173 69441 -33092 118280 128017 0.196604
S 174 89839 43346 119069 -50812 1.553197
S 175 1633 52136 -127157 103779 1.533245
S 176 -21898 111859 124140 65248 1.653806
S 177 -10107 66279 126685 39074 0.734711
S 178 20363 -106835 61857 38944 1.928420
S 179 74289 33832 89833 54536 2.528098
L 180 0.029412 0.470588 0.000000 0.294118 0.000000 0.205882 
S 181 21778 78228 11419 33234 2.618408
L 182 0.000000 0.181818 0.090909 0.181818 0.000000 0.545455 
S 183 85569 124431 48879 9171 0.967722
L 184 0.000000 1.000000 0.000000 0.000000 0.000000 0.000000 
S 185 73184 35129 113412 127792 0.965411
L 186 0.000000 0.500000 0.000000 0.500000 0.000000 0.000000 
L 187 0.000000 0.000000 0.000000 1.000000 0.000000 0.000000 
S 188 25159 67214 127770 103972 1.761463
S 189 -43295 9437 52584 13279 1.525729
S 190 96123 59199 219 56680 1.848843
S 191 21724 83269 117342 76662 2.058170
L 192 0.000000 0.000000 0.000000 1.000000 0.000000 0.000000 
S 193 84234 48298 -90046 -30125 2.453809
L 194 0.000000 0.153846 0.000000 0.692308 0.000000 0.153846 
L 195 0.000000 0.453125 0.007812 0.109375 0.015625 0.414062 
L 196 0.000000 0.000000 0.000000 1.000000 0.000000 0.000000 
S 197 7258 102361 63615 78334 1.446158
L 198 0.000000 0.000000 0.000000 0.714286 0.000000 0.285714 
L 199 0.000000 0.000000 0.036364 0.036364 0.000000 0.927273 
S 200 19462 117647 32870 70915 0.965059
S 201 -46221 74791 6121 19861 2.109437
L 202 0.000000 0.000000 0.000000 0.113636 0.000000 0.886364 
S 203 126524 56376 20590 -32376 2.566241
L 204 0.000000 0.000000 0.000000 0.573171 0.000000 0.426829 
L 205 0.000000 0.000000 0.000000 0.956522 0.000000 0.043478 
L 206 0.000000 0.000000 0.000000 0.500000 0.000000 0.500000 
L 207 0.000000 0.000000 0.000000 0.000000 0.000000 1.000000 
S 208 15618 65802 -4676 -110263 1.353637
L 209 0.000000 0.000000 0.000000 1.000000 0.000000 0.000000 
L 210 0.000000 0.000000 0.000000 1.000000 0.000000 0.000000 
L 211 0.000000 0.000000 0.000000 0.133333 0.000000 0.866667 
L 212 0.000000 1.000000 0.000000 0.000000 0.000000 0.000000 
S 213 66083 24585 -20084 78117 1.628776
L 214 0.000000 0.000000 0.000000 0.000000 0.030303 0.969697 
S 215 -9140 -91829 66202 13627 2.594238
L 216 0.000000 0.074074 0.000000 0.000000 0.481481 0.444444 
L 217 0.000000 0.433333 0.000000 0.000000 0.000000 0.566667 
S 218 -25015 -102656 978 22318 0.834605
S 219 98044 128831 11824 -26759 0.493667
S 220 111934 99930 6611 90546 1.479671
S 221 128736 89084 -63318 -44133 1.540093
S 222 74988 96753 3447 127236 0.829562
S 223 10496 79617 25615 -97690 2.144939
L 224 0.000000 0.000000 0.000000 1.000000 0.000000 0.000000 
S 225 59379 45409 81761 -57126 1.080383
S 226 6195 -64968 65235 71876 2.348602
L 227 0.000000 0.363636 0.045455 0.090909 0.000000 0.500000 
S 228 21250 40835 90357 -128457 0.977130
L 229 0.000000 0.000000 0.000000 0.000000 0.000000 1.000000 
L 230 0.000000 0.000000 0.000000 0.042553 0.000000 0.957447 
L 231 0.000000 0.000000 0.000000 1.000000 0.000000 0.000000 
L 232 0.000000 0.000000 0.000000 0.800000 0.000000 0.200000 
S 233 81982 37129 42415 -83791 2.029854
L 234 0.000000 0.000000 0.000000 0.000000 0.000000 1.000000 
L 235 0.000000 0.000000 0.000000 0.250000 0.000000 0.750000 
S 236 -20305 -71901 13480 20000 0.950745
L 237 0.000000 0.952381 0.023810 0.000000 0.000000 0.023810 
L 238 0.000000 0.714286 0.000000 0.000000 0.000000 0.285714 
L 239 0.000000 0.000000 0.000000 0.000000 0.000000 1.000000 
S 240 33000 2216 -113198 -121847 2.442240
S 241 61185 -34918 56704 71767 0.699714
S 242 9400 47978 126905 78062 1.414442
S 243 21729 102494 119505 104686 2.898702
L 244 0.000000 0.000000 0.000000 1.000000 0.000000 0.000000 
L 245 0.000000 0.000000 0.000000 0.000000 0.000000 1.000000 
S 246 109424 93536 -75973 -41508 0.819017
S 247 88381 127754 79394 41674 1.415648
L 248 0.000000 0.000000 0.516129 0.451613 0.032258 0.000000 
S 249 105578 113858 39072 64154 0.439007
L 250 0.000000 0.000000 0.000000 0.833333 0.000000 0.166667 
L 251 0.000000 0.000000 0.000000 1.000000 0.000000 0.000000 
S 252 -6436 -119047 47662 2580 2.086246
L 253 0.000000 0.000000 0.000000 1.000000 0.000000 0.000000 
L 254 0.000000 0.000000 0.000000 0.914286 0.000000 0.085714 
S 255 -68408 -12416 34895 32819 0.337787
L 256 0.000000 0.000000 0.000000 0.000000 0.000000 1.000000 
L 257 0.000000 0.000000 0.000000 1.000000 0.000000 0.000000 
S 258 -121440 -95465 120204 122391 2.832380
S 259 125588 28470 18380 27476 2.262042
S 260 101923 70395 -91481 -86110 1.890015
L 261 0.000000 0.000000 0.000000 0.600000 0.000000 0.400000 
L 262 0.000000 0.000000 0.000000 0.000000 0.000000 1.000000 
L 263 0.000000 0.000000 0.000000 0.200000 0.000000 0.800000 
S 264 3250 239 42269 126629 2.669547
S 265 -29334 81279 2979 6207 1.544905
S 266 19014 128145 50789 102082 1.618133
S 267 10740 66166 92211 -57447 1.124899
L 268 0.000000 0.000000 0.000000 0.717391 0.000000 0.282609 
L 269 0.000000 0.000000 0.000000 0.111111 0.000000 0.888889 
L 270 0.000000 0.000000 0.000000 0.600000 0.000000 0.400000 
S 271 651 78657 -29328 -18430 0.885747
L 272 0.000000 0.000000 0.000000 0.258065 0.000000 0.741935 
L 273 0.000000 0.000000 0.000000 0.027027 0.000000 0.972973 
L 274 0.166667 0.000000 0.166667 0.000000 0.000000 0.666667 
S 275 -785 119048 23930 128889 1.329432
L 276 0.000000 0.000000 0.000000 0.000000 0.125000 0.875000 
L 277 0.000000 0.000000 0.000000 0.000000 0.000000 1.000000 
S 278 67238 81310 119692 47792 1.622268
S 279 28189 -114650 127899 100427 0.378281
S 280 -2934 89161 2004 58248 2.969412
S 281 93303 -53501 29913 88112 1.952029
S 282 29084 -125450 128472 35172 0.702011
S 283 67428 1261 -125379 46909 2.916502
S 284 126075 9462 14630 -108579 1.529940
S 285 33985 -58101 10451 83346 1.005014
S 286 124690 41575 -46597 20641 2.417610
S 287 71434 94751 -90036 -124278 2.635222
S 288 1751 47429 85217 44190 1.066409
S 289 -2942 -128924 122747 38695 1.876890
S 290 -48776 -54564 65243 61741 1.728664
S 291 36104 1076 -61394 28742 1.426046
L 292 0.846154 0.000000 0.000000 0.000000 0.153846 0.000000 
S 293 100881 4444 123726 -121902 1.854158
L 294 1.000000 0.000000 0.000000 0.000000 0.000000 0.000000 
L 295 0.030303 0.960173 0.001732 0.001732 0.006061 0.000000 
L 296 0.000000 1.000000 0.000000 0.000000 0.000000 0.000000 
S 297 20804 21101 126931 17222 0.628734
L 298 0.000000 1.000000 0.000000 0.000000 0.000000 0.000000 
L 299 0.000000 0.569231 0.415385 0.000000 0.015385 0.000000 
L 300 0.041667 0.916667 0.000000 0.000000 0.041667 0.000000 
S 301 10813 33088 77781 26929 2.656603
L 302 0.200000 0.800000 0.000000 0.000000 0.000000 0.000000 
L 303 0.951219 0.048780 0.000000 0.000000 0.000000 0.000000 
L 304 0.000000 0.527778 0.416667 0.027778 0.027778 0.000000 
S 305 38260 65467 105395 59492 2.159639
L 306 0.064516 0.935484 0.000000 0.000000 0.000000 0.000000 
S 307 -69012 -82158 14221 59534 2.507154
L 308 0.975000 0.025000 0.000000 0.000000 0.000000 0.000000 
S 309 66959 122613 -99233 82458 1.662606
L 310 0.222222 0.777778 0.000000 0.000000 0.000000 0.000000 
L 311 0.710843 0.277108 0.012048 0.000000 0.000000 0.000000 
L 312 0.000000 0.500000 0.000000 0.000000 0.500000 0.000000 
S 313 33965 -81596 29980 92283 1.642692
L 314 0.333333 0.000000 0.000000 0.000000 0.000000 0.666667 
L 315 1.000000 0.000000 0.000000 0.000000 0.000000 0.000000 
S 316 -125511 -1567 122234 17372 1.596500
S 317 -124134 73387 34102 63617 1.959144
S 318 126399 -57309 115398 113133 0.635118
S 319 -116116 78726 126528 123310 0.162410
S 320 111705 82256 13166 -61909 0.028387
S 321 2218 72713 45346 -52858 0.621728
S 322 22186 -89250 65144 122565 2.979698
S 323 612 16118 77345 11953 1.582048
L 324 0.000000 1.000000 0.000000 0.000000 0.000000 0.000000 
S 325 104056 37653 58107 45957 1.342264
L 326 0.809524 0.190476 0.000000 0.000000 0.000000 0.000000 
L 327 0.992754 0.000000 0.000000 0.000000 0.007246 0.000000 
S 328 68125 83580 42972 -120430 2.053160
S 329 70286 18643 115021 5855 1.316450
L 330 0.400000 0.600000 0.000000 0.000000 0.000000 0.000000 
L 331 1.000000 0.000000 0.000000 0.000000 0.000000 0.000000 
L 332 1.000000 0.000000 0.000000 0.000000 0.000000 0.000000 
L 333 0.233766 0.688312 0.077922 0.000000 0.000000 0.000000 
L 334 1.000000 0.000000 0.000000 0.000000 0.000000 0.000000 
S 335 127933 645 -12096 70941 1.236736
L 336 0.000000 0.000000 0.000000 0.000000 1.000000 0.000000 
S 337 -70634 -112265 95960 94686 2.390980
L 338 0.032258 0.419355 0.483871 0.000000 0.064516 0.000000 
L 339 0.036036 0.900901 0.027027 0.000000 0.036036 0.000000 
S 340 65027 51029 -67036 83117 0.229088
S 341 106095 46415 84957 76837 0.442404
L 342 0.789474 0.210526 0.000000 0.000000 0.000000 0.000000 
S 343 -125103 104256 37165 66667 1.309778
L 344 1.000000 0.000000 0.000000 0.000000 0.000000 0.000000 
L 345 0.947368 0.052632 0.000000 0.000000 0.000000 0.000000 
S 346 124968 126446 91715 -86667 1.459623
S 347 19081 24264 -62322 -121426 0.089920
L 348 1.000000 0.000000 0.000000 0.000000 0.000000 0.000000 
L 349 0.309524 0.119048 0.333333 0.000000 0.238095 0.000000 
S 350 97505 60958 10030 20686 1.569126
L 351 0.333333 0.000000 0.666667 0.000000 0.000000 0.000000 
L 352 0.857143 0.000000 0.142857 0.000000 0.000000 0.000000 
L 353 1.000000 0.000000 0.000000 0.000000 0.000000 0.000000 
S 354 63609 38059 -13425 64983 1.338203
S 355 63998 103713 -102328 18268 2.192159
L 356 0.000000 0.480000 0.520000 0.000000 0.000000 0.000000 
L 357 0.000000 1.000000 0.000000 0.000000 0.000000 0.000000 
L 358 0.000000 1.000000 0.000000 0.000000 0.000000 0.000000 
S 359 124461 104290 -51491 -60205 2.787630
L 360 0.000000 0.500000 0.500000 0.000000 0.000000 0.000000 
S 361 -106633 9301 57096 118354 0.931939
L 362 0.000000 0.000000 1.000000 0.000000 0.000000 0.000000 
L 363 0.000000 1.000000 0.000000 0.000000 0.000000 0.000000 
S 364 -24287 5106 3675 94395 2.913368
S 365 48371 -29413 69185 105337 0.933042
S 366 128427 60122 -45258 -33146 0.007950
S 367 120529 33415 119987 -69532 0.828116
S 368 47465 33288 -47124 -18836 0.055301
S 369 78088 106953 -29447 47675 0.757160
L 370 0.105263 0.894737 0.000000 0.000000 0.000000 0.000000 
L 371 0.000000 1.000000 0.000000 0.000000 0.000000 0.000000 
L 372 0.000000 0.940000 0.060000 0.000000 0.000000 0.000000 
L 373 0.000000 0.375000 0.625000 0.000000 0.000000 0.000000 
S 374 66325 12003 35928 -71156 1.676133
S 375 289 77149 -68274 -69141 2.497862
S 376 7070 10117 106663 4865 2.234266
S 377 84245 -53994 101894 83699 2.228500
S 378 119892 49654 45439 35778 0.421853
S 379 124656 27903 39400 33552 1.034848
S 380 21459 124243 105933 233 0.469022
S 381 -20961 -6669 112476 1407 1.410897
L 382 0.384615 0.025641 0.000000 0.000000 0.384615 0.205128 
L 383 0.049275 0.515942 0.014493 0.002899 0.257971 0.159420 
L 384 0.000000 0.000000 0.000000 0.000000 0.500000 0.500000 
L 385 0.000000 0.978723 0.000000 0.000000 0.000000 0.021277 
S 386 104424 67087 20754 72956 0.364645
S 387 -88386 68151 128187 77827 0.683480
L 388 0.017021 0.106383 0.000000 0.000000 0.217021 0.659574 
L 389 0.122807 0.210526 0.008772 0.000000 0.482456 0.175439 
L 390 0.000000 0.771429 0.000000 0.000000 0.114286 0.114286 
L 391 0.000000 0.302083 0.000000 0.000000 0.562500 0.135417 
S 392 74578 81530 -56587 83757 0.709798
S 393 67597 38951 128171 60805 0.327460
S 394 80250 73303 -93451 57573 0.163588
S 395 18771 24342 58522 5298 2.866213
L 396 0.203947 0.269737 0.006579 0.000000 0.335526 0.184211 
L 397 0.084783 0.134783 0.010870 0.002174 0.684783 0.082609 
L 398 0.000000 0.651163 0.000000 0.000000 0.348837 0.000000 
L 399 0.000000 0.276596 0.000000 0.000000 0.723404 0.000000 
S 400 114768 32722 23322 31522 2.856710
L 401 0.152174 0.847826 0.000000 0.000000 0.000000 0.000000 
L 402 0.000000 0.942308 0.000000 0.000000 0.057692 0.000000 
L 403 0.000000 0.373832 0.009346 0.000000 0.607477 0.009346 
L 404 0.000000 0.195122 0.707317 0.000000 0.024390 0.073171 
S 405 119992 30922 55546 21939 1.618891
S 406 92871 -54151 39170 56612 0.684088
S 407 3803 -112602 135 30385 0.074453
L 408 0.052632 0.947368 0.000000 0.000000 0.000000 0.000000 
S 409 -606 -119284 44667 6167 2.393143
L 410 0.000000 0.000000 1.000000 0.000000 0.000000 0.000000 
L 411 0.020548 0.126712 0.003425 0.003425 0.171233 0.674658 
L 412 0.000000 0.777778 0.138889 0.000000 0.000000 0.083333 
S 413 82012 83554 11928 69366 0.595374
L 414 0.000000 0.184211 0.026316 0.000000 0.684211 0.105263 
L 415 0.000000 0.382353 0.014706 0.000000 0.088235 0.514706 
S 416 8054 -104504 658 21633 1.686689
S 417 29701 104059 92265 36381 2.444055
L 418 0.000000 0.619048 0.000000 0.000000 0.380952 0.000000 
S 419 -117804 80077 13054 126881 2.455770
L 420 0.000000 1.000000 0.000000 0.000000 0.000000 0.000000 
L 421 0.000000 0.875000 0.125000 0.000000 0.000000 0.000000 
S 422 22706 -39675 128216 41892 2.524569
S 423 -82486 68092 127724 22401 0.554829
S 424 101914 -122403 47390 46270 1.865977
S 425 179 46099 18034 -48946 0.353347
S 426 77944 59433 -3542 18214 2.014444
S 427 -19064 -16298 127089 41863 1.008270
S 428 91574 36568 -123250 -63938 2.032553
S 429 -91476 -94452 44470 66626 0.920359
L 430 0.050590 0.249578 0.042159 0.000000 0.595278 0.062395 
L 431 0.408451 0.169014 0.084507 0.000000 0.338028 0.000000 
L 432 0.000000 0.000000 0.000000 0.000000 0.190476 0.809524 
L 433 0.014706 0.220588 0.073529 0.000000 0.294118 0.397059 
S 434 -29599 -15450 128739 74278 0.475009
S 435 32118 94680 119321 73064 1.061880
L 436 0.421875 0.093750 0.328125 0.000000 0.156250 0.000000 
L 437 0.044444 0.177778 0.777778 0.000000 0.000000 0.000000 
L 438 0.075905 0.178288 0.074139 0.000883 0.652251 0.018535 
L 439 0.506849 0.000000 0.082192 0.000000 0.410959 0.000000 
S 440 21478 34437 -73227 -88287 1.384080
L 441 0.108696 0.086957 0.586957 0.000000 0.065217 0.152174 
S 442 127861 12499 63778 114921 0.856777
S 443 3064 51913 57244 -75342 2.050016
L 444 0.031250 0.000000 0.015625 0.000000 0.046875 0.906250 
L 445 0.000000 0.153846 0.076923 0.000000 0.461538 0.307692 
L 446 0.000000 0.059701 0.089552 0.000000 0.223881 0.626866 
L 447 0.057851 0.256198 0.057851 0.024793 0.454545 0.148760 
S 448 -2366 -83863 61089 28048 1.597624
S 449 69503 23941 -32379 97978 1.162365
S 450 -19215 6909 69509 7861 0.846736
S 451 -27262 -93870 30736 32537 2.018341
S 452 99376 -100809 58666 21124 0.903157
L 453 0.305556 0.277778 0.416667 0.000000 0.000000 0.000000 
L 454 0.600000 0.000000 0.000000 0.000000 0.400000 0.000000 
L 455 0.005025 0.015075 0.869347 0.000000 0.110553 0.000000 
L 456 1.000000 0.000000 0.000000 0.000000 0.000000 0.000000 
S 457 125571 78331 -47703 -65940 2.551479
L 458 0.264706 0.000000 0.000000 0.000000 0.735294 0.000000 
L 459 1.000000 0.000000 0.000000 0.000000 0.000000 0.000000 
S 460 90584 14773 96439 -70371 2.105909
S 461 -84401 52280 117766 25563 2.571042
L 462 0.628571 0.028571 0.342857 0.000000 0.000000 0.000000 
S 463 69492 40108 -34056 -6578 0.447815
L 464 0.076923 0.217949 0.205128 0.000000 0.500000 0.000000 
L 465 0.666667 0.000000 0.333333 0.000000 0.000000 0.000000 
S 466 8220 90018 128958 14339 2.275949
S 467 124261 19274 -24487 -11085 1.609769
L 468 0.055556 0.333333 0.097222 0.027778 0.486111 0.000000 
L 469 0.006154 0.169231 0.150769 0.000000 0.673846 0.000000 
L 470 0.024390 0.160976 0.039024 0.004878 0.751220 0.019512 
L 471 0.172662 0.064748 0.000000 0.000000 0.762590 0.000000 
S 472 669 48411 -35309 73883 2.349557
S 473 1579 67381 -59617 55175 1.302868
S 474 102665 81761 120221 53770 2.813722
S 475 62989 32266 15045 -16560 1.671504
S 476 1599 118731 -50684 118202 1.603198
S 477 72557 -57850 19425 111117 2.694020
S 478 42429 84267 112875 83227 2.864950
S 479 71834 1607 -113682 96151 0.806265
S 480 126297 16507 35020 126707 0.131568
S 481 -77878 -100441 69359 122980 2.764934
L 482 0.000000 0.476190 0.000000 0.023810 0.309524 0.190476 
L 483 0.000000 0.935484 0.064516 0.000000 0.000000 0.000000 
S 484 -45879 -14830 36809 123134 2.429183
L 485 0.071429 0.357143 0.071429 0.000000 0.285714 0.214286 
S 486 33083 18 17433 49503 0.983918
L 487 0.000000 0.000000 0.000000 0.000000 0.100000 0.900000 
L 488 1.000000 0.000000 0.000000 0.000000 0.000000 0.000000 
L 489 0.000000 0.000000 0.000000 0.000000 0.645570 0.354430 
S 490 90699 68410 -102859 -116529 0.885276
S 491 79270 23037 23207 104965 0.773567
L 492 0.029412 0.000000 0.264706 0.000000 0.676471 0.029412 
S 493 -30140 67002 68406 98199 0.467646
S 494 105611 74825 30117 -117635 1.111461
S 495 58610 124225 128649 8119 0.405617
L 496 0.025316 0.000000 0.000000 0.012658 0.949367 0.012658 
L 497 0.307692 0.153846 0.000000 0.000000 0.230769 0.307692 
L 498 0.250000 0.000000 0.000000 0.000000 0.250000 0.500000 
L 499 0.000000 0.000000 0.000000 0.000000 1.000000 0.000000 
L 500 0.000000 0.000000 0.000000 0.000000 0.142857 0.857143 
S 501 4323 90283 -113435 65179 1.553474
S 502 122252 58379 57239 9014 1.429581
L 503 0.000000 0.076923 0.000000 0.000000 0.641026 0.282051 
L 504 0.000000 0.000000 0.000000 0.000000 0.714286 0.285714 
L 505 0.014085 0.000000 0.000000 0.000000 0.985915 0.000000 
S 506 -5563 81468 75528 85188 0.791250
L 507 0.000000 0.230769 0.076923 0.000000 0.076923 0.615385 
L 508 0.000000 0.125000 0.250000 0.000000 0.375000 0.250000 
S 509 -88400 117410 107095 6600 1.330748
S 510 -76603 112396 83373 83014 2.618064
L 511 0.000000 1.000000 0.000000 0.000000 0.000000 0.000000 
L 512 0.000000 0.000000 0.800000 0.200000 0.000000 0.000000 
L 513 0.000000 0.000000 1.000000 0.000000 0.000000 0.000000 
S 514 46760 25259 102908 39554 2.730035
S 515 102367 3672 6034 -65261 0.263540
S 516 2391 53181 77184 -34786 2.959001
S 517 2599 38394 -18659 27516 2.703669
S 518 -11695 -128871 127448 61249 2.846504
L 519 0.020833 0.020833 0.229167 0.020833 0.708333 0.000000 
L 520 0.000000 0.000000 0.400000 0.000000 0.600000 0.000000 
S 521 118744 25968 36650 58889 0.313038
L 522 0.000000 0.000000 0.500000 0.000000 0.500000 0.000000 
L 523 0.000000 0.000000 1.000000 0.000000 0.000000 0.000000 
S 524 90760 1747 -10666 110028 0.144905
S 525 87478 11684 -30682 -90952 2.018375
S 526 96164 12022 65081 13207 0.396583
L 527 0.000000 0.000000 0.000000 0.000000 1.000000 0.000000 
L 528 0.000000 0.000000 1.000000 0.000000 0.000000 0.000000 
L 529 0.000000 0.000000 0.800000 0.000000 0.200000 0.000000 
L 530 0.000000 0.000000 1.000000 0.000000 0.000000 0.000000 
S 531 -105369 -7727 919 48539 2.299140
L 532 0.000000 0.000000 1.000000 0.000000 0.000000 0.000000 
L 533 0.000000 0.000000 0.500000 0.000000 0.500000 0.000000 
L 534 0.000000 0.000000 1.000000 0.000000 0.000000 0.000000 
S 535 123884 67111 73509 119041 2.884890
S 536 -93745 -25370 36743 7000 2.922177
L 537 0.000000 0.000000 0.836735 0.000000 0.163265 0.000000 
L 538 0.000000 0.000000 1.000000 0.000000 0.000000 0.000000 
S 539 3408 -90691 122636 49202 2.370668
S 540 -63061 -117177 27155 3297 0.696050
L 541 0.000000 0.000000 1.000000 0.000000 0.000000 0.000000 
L 542 0.000000 0.000000 1.000000 0.000000 0.000000 0.000000 
L 543 0.000000 0.000000 0.000000 0.000000 1.000000 0.000000 
S 544 -71740 -116042 32631 12882 1.021704
S 545 103968 -35991 98722 75916 0.541403
S 546 -61081 60365 62754 32161 0.367514
S 547 88531 -8982 87387 23769 1.310251
L 548 0.000000 0.000000 0.962963 0.037037 0.000000 0.000000 
S 549 66732 112024 30814 -6678 2.368417
S 550 96240 40525 9429 36699 2.521726
L 551 0.800000 0.200000 0.000000 0.000000 0.000000 0.000000 
L 552 0.208333 0.000000 0.083333 0.000000 0.708333 0.000000 
S 553 106362 83024 43967 90135 1.584880
L 554 0.000000 0.000000 0.000000 0.000000 0.896552 0.103448 
L 555 0.000000 0.000000 0.000000 0.000000 1.000000 0.000000 
S 556 -36436 1621 42788 1059 2.635886
S 557 62266 9905 45784 -59330 0.672572
L 558 0.000000 0.000000 0.428571 0.000000 0.357143 0.214286 
S 559 66430 57866 -10692 75105 0.430975
S 560 8093 2280 90053 9819 0.303288
S 561 8827 56024 -43795 -67183 1.261565
L 562 0.000000 0.000000 0.062500 0.000000 0.875000 0.062500 
S 563 78802 22422 50561 92430 1.443826
L 564 0.000000 0.000000 0.000000 0.000000 0.444444 0.555556 
L 565 0.000000 0.000000 0.000000 0.000000 0.012987 0.987013 
L 566 0.000000 0.000000 0.190476 0.000000 0.000000 0.809524 
L 567 0.000000 0.000000 0.000000 0.000000 0.000000 1.000000 
S 568 11602 3455 -20048 87604 2.684155
S 569 78022 -30825 35468 46105 1.849955
S 570 -33549 119484 75663 783 0.981563
S 571 -33975 -66111 44600 79000 2.419533
S 572 71678 1401 74204 -47890 2.457665
L 573 0.000000 0.000000 0.000000 0.000000 0.862069 0.137931 
L 574 0.000000 0.000000 0.000000 0.021739 0.108696 0.869565 
L 575 0.000000 0.000000 0.000000 0.789474 0.000000 0.210526 
S 576 23700 37906 -45873 5104 2.879363
L 577 0.000000 0.000000 0.937500 0.000000 0.000000 0.062500 
L 578 0.000000 0.000000 0.000000 0.937500 0.000000 0.062500 
L 579 0.015152 0.000000 0.000000 0.590909 0.030303 0.363636 
S 580 55751 -109701 5952 2130 1.287920
S 581 31164 70795 -76524 -123471 0.859138
S 582 -56577 -74584 10695 41015 2.872947
S 583 1079 122086 -126496 -95698 1.274241
L 584 0.000000 0.000000 0.160000 0.013333 0.733333 0.093333 
L 585 0.000000 0.000000 0.000000 1.000000 0.000000 0.000000 
L 586 0.000000 0.000000 0.000000 0.184211 0.000000 0.815789 
L 587 0.000000 0.000000 0.102273 0.026515 0.276515 0.594697 
S 588 5863 51032 123227 98460 0.399333
L 589 0.000000 0.021739 0.086957 0.108696 0.369565 0.413043 
L 590 0.333333 0.000000 0.000000 0.133333 0.066667 0.466667 
L 591 0.043478 0.304348 0.282609 0.086957 0.217391 0.065217 
S 592 1926 12006 -107095 92387 1.458365
S 593 79901 52511 58645 47571 1.092377
S 594 26802 -14672 128475 343 1.122341
S 595 124022 46471 118608 95080 1.473317
S 596 54827 2133 18185 -37039 2.022929
L 597 0.000000 0.000000 0.958333 0.000000 0.041667 0.000000 
L 598 0.000000 0.000000 0.731707 0.000000 0.268293 0.000000 
S 599 52440 8736 80453 21958 1.799492
L 600 0.000000 0.000000 0.888889 0.000000 0.111111 0.000000 
S 601 44489 53868 87134 7719 0.992780
L 602 0.000000 0.000000 0.250000 0.000000 0.653846 0.096154 
L 603 0.000000 0.000000 0.046729 0.000000 0.943925 0.009346 
S 604 -117700 34611 240 18846 2.521423
L 605 0.297872 0.085106 0.063830 0.000000 0.361702 0.191489 
S 606 -94356 -50859 35349 20991 2.967343
S 607 30610 50092 115934 -118810 1.166368
S 608 86540 97291 80508 39850 1.071621
S 609 88592 10041 85667 52277 1.700393
L 610 0.000000 0.000000 0.125000 0.000000 0.821429 0.053571 
L 611 0.000000 0.000000 1.000000 0.000000 0.000000 0.000000 
L 612 0.000000 0.002020 0.337374 0.006061 0.115152 0.539394 
L 613 0.000000 0.000000 0.488889 0.000000 0.466667 0.044444 
S 614 2845 10918 117359 -122161 0.376201
S 615 91923 126309 76404 4568 1.219659
L 616 0.000000 0.000000 0.200000 0.000000 0.764706 0.035294 
L 617 0.037736 0.000000 0.716981 0.000000 0.245283 0.000000 
L 618 0.044444 0.022222 0.400000 0.000000 0.422222 0.111111 
L 619 0.000000 0.000000 0.322034 0.000000 0.135593 0.542373 
S 620 7950 2630 -99940 -42538 2.316060
S 621 83840 -112798 3144 3679 0.461146
L 622 0.318182 0.090909 0.181818 0.363636 0.045455 0.000000 
S 623 38572 5732 -105422 70818 1.171999
S 624 16083 32226 -68036 121799 0.737472
S 625 81949 4639 38686 -24670 1.690448
L 626 0.000000 0.000000 0.285714 0.000000 0.000000 0.714286 
L 627 0.000000 0.083333 0.138889 0.000000 0.277778 0.500000 
S 628 101866 -94817 128188 128897 0.739157
S 629 15361 45347 -114868 -63814 2.294935
L 630 0.000000 0.000000 0.170732 0.000000 0.536585 0.292683 
L 631 0.000000 0.000000 0.105263 0.000000 0.894737 0.000000 
L 632 0.000000 0.002033 0.300813 0.191057 0.219512 0.286585 
L 633 0.000000 0.000000 0.000000 1.000000 0.000000 0.000000 
S 634 29620 407 1410 113048 1.516605
S 635 116795 549 64020 23430 1.062095
S 636 24883 128105 5010 107719 1.509782
L 637 0.022222 0.288889 0.022222 0.000000 0.644444 0.022222 
S 638 90255 3071 913 91900 2.599937
L 639 0.000000 0.312500 0.000000 0.062500 0.000000 0.625000 
L 640 0.009524 0.057143 0.338095 0.019048 0.261905 0.314286 
L 641 0.000000 0.035714 0.035714 0.071429 0.750000 0.107143 
S 642 74865 2580 62591 75667 1.353252
L 643 0.090909 0.000000 0.272727 0.000000 0.636364 0.000000 
S 644 67188 46748 4725 79 1.300057
L 645 0.166667 0.500000 0.000000 0.000000 0.166667 0.166667 
L 646 0.132075 0.188679 0.490566 0.094340 0.056604 0.037736 
L 647 0.000000 0.028571 0.442857 0.257143 0.200000 0.071429 
